time	V(out)	V(vin)
0.000000000000000e+00	5.631606e-01	1.000000e-01
8.500000000001069e-06	5.797749e-01	9.462434e-02
1.700000000000214e-05	5.949182e-01	8.930152e-02
2.550000000000321e-05	6.085905e-01	8.403152e-02
3.400000000000428e-05	6.207917e-01	7.881435e-02
4.250000000000534e-05	6.315219e-01	7.365001e-02
5.100000000000642e-05	6.407811e-01	6.853850e-02
5.950000000000746e-05	6.485693e-01	6.347983e-02
7.107142857143757e-05	6.567455e-01	5.673472e-02
8.264285714286768e-05	6.618958e-01	5.029841e-02
9.421428571429780e-05	6.640201e-01	4.417090e-02
1.057857142857279e-04	6.631186e-01	3.835218e-02
1.173571428571580e-04	6.591911e-01	3.284226e-02
1.289285714285881e-04	6.522377e-01	2.764113e-02
1.405000000000182e-04	6.422583e-01	2.274880e-02
1.499285714285909e-04	6.316812e-01	1.909951e-02
1.593571428571636e-04	6.189403e-01	1.576013e-02
1.687857142857363e-04	6.040358e-01	1.273066e-02
1.782142857143090e-04	5.869676e-01	1.001111e-02
1.876428571428816e-04	5.677357e-01	7.601479e-03
1.970714285714543e-04	5.463402e-01	5.501760e-03
2.065000000000270e-04	5.227810e-01	3.711957e-03
2.180714285714571e-04	4.905534e-01	2.000607e-03
2.296428571428872e-04	4.555861e-01	8.145191e-04
2.412142857143173e-04	4.178791e-01	1.536929e-04
2.527857142857474e-04	3.774324e-01	1.812872e-05
2.643571428571775e-04	3.342461e-01	4.078265e-04
2.759285714286077e-04	2.883200e-01	1.322786e-03
2.875000000000377e-04	2.396543e-01	2.763008e-03
2.927857142857527e-04	2.169130e-01	3.594809e-03
2.980714285714677e-04	1.938800e-01	4.530016e-03
3.033571428571827e-04	1.705554e-01	5.568631e-03
3.086428571428977e-04	1.469391e-01	6.710653e-03
3.139285714286126e-04	1.230312e-01	7.956082e-03
3.192142857143276e-04	9.883165e-02	9.304919e-03
3.245000000000426e-04	7.434045e-02	1.075716e-02
3.266428571429000e-04	6.438814e-02	1.137301e-02
3.287857142857575e-04	5.441591e-02	1.200463e-02
3.309285714286149e-04	4.442376e-02	1.265202e-02
3.330714285714724e-04	3.441168e-02	1.331518e-02
3.352142857143298e-04	2.437969e-02	1.399411e-02
3.373571428571872e-04	1.432777e-02	1.468881e-02
3.395000000000446e-04	4.255924e-03	1.539929e-02
3.429285714286165e-04	-1.189729e-02	1.656888e-02
3.463571428571884e-04	-2.804434e-02	1.777573e-02
3.497857142857603e-04	-4.418522e-02	1.901984e-02
3.532142857143322e-04	-6.031994e-02	2.030122e-02
3.566428571429041e-04	-7.644849e-02	2.161987e-02
3.600714285714759e-04	-9.257088e-02	2.297578e-02
3.635000000000478e-04	-1.086871e-01	2.436896e-02
3.720714285714775e-04	-1.490763e-01	2.803020e-02
3.806428571429073e-04	-1.886809e-01	3.187075e-02
3.892142857143369e-04	-2.275009e-01	3.589061e-02
3.977857142857667e-04	-2.655364e-01	4.008979e-02
4.063571428571964e-04	-3.027873e-01	4.446829e-02
4.149285714286261e-04	-3.392536e-01	4.902610e-02
4.235000000000558e-04	-3.749353e-01	5.376323e-02
4.329285714286284e-04	-4.126568e-01	5.914365e-02
4.423571428572012e-04	-4.483661e-01	6.461842e-02
4.517857142857738e-04	-4.820633e-01	7.018753e-02
4.612142857143465e-04	-5.137483e-01	7.585099e-02
4.706428571429192e-04	-5.434212e-01	8.160879e-02
4.800714285714919e-04	-5.710820e-01	8.746094e-02
4.895000000000645e-04	-5.967305e-01	9.340744e-02
4.962142857143512e-04	-6.133895e-01	9.764029e-02
5.029285714286377e-04	-6.287612e-01	1.018587e-01
5.096428571429244e-04	-6.428458e-01	1.060625e-01
5.163571428572109e-04	-6.556432e-01	1.102519e-01
5.230714285714976e-04	-6.671534e-01	1.144268e-01
5.297857142857842e-04	-6.773765e-01	1.185872e-01
5.365000000000708e-04	-6.863123e-01	1.227331e-01
5.483571428572152e-04	-6.986675e-01	1.300107e-01
5.602142857143597e-04	-7.068786e-01	1.370287e-01
5.720714285715041e-04	-7.109456e-01	1.437872e-01
5.839285714286485e-04	-7.108685e-01	1.502861e-01
5.957857142857930e-04	-7.066472e-01	1.565254e-01
6.076428571429374e-04	-6.982819e-01	1.625052e-01
6.195000000000818e-04	-6.857724e-01	1.682254e-01
6.339285714286551e-04	-6.646271e-01	1.746599e-01
6.483571428572284e-04	-6.388195e-01	1.803811e-01
6.627857142858019e-04	-6.083496e-01	1.853890e-01
6.772142857143752e-04	-5.732174e-01	1.896835e-01
6.916428571429485e-04	-5.334230e-01	1.932647e-01
7.060714285715219e-04	-4.889664e-01	1.961326e-01
7.205000000000952e-04	-4.398475e-01	1.982871e-01
7.300714285715251e-04	-4.057227e-01	1.992172e-01
7.396428571429549e-04	-3.706767e-01	1.997872e-01
7.492142857143848e-04	-3.347096e-01	1.999973e-01
7.587857142858146e-04	-2.978212e-01	1.998472e-01
7.683571428572444e-04	-2.600116e-01	1.993372e-01
7.779285714286742e-04	-2.212808e-01	1.984671e-01
7.875000000001041e-04	-1.816288e-01	1.972370e-01
7.915000000001046e-04	-1.650549e-01	1.966184e-01
7.955000000001052e-04	-1.484471e-01	1.959400e-01
7.995000000001057e-04	-1.318053e-01	1.952017e-01
8.035000000001062e-04	-1.151297e-01	1.944036e-01
8.075000000001067e-04	-9.842018e-02	1.935457e-01
8.115000000001073e-04	-8.167675e-02	1.926279e-01
8.155000000001078e-04	-6.489941e-02	1.916502e-01
8.195000000001083e-04	-4.812616e-02	1.906142e-01
8.235000000001089e-04	-3.139101e-02	1.895227e-01
8.275000000001094e-04	-1.469397e-02	1.883758e-01
8.315000000001099e-04	1.964981e-03	1.871735e-01
8.355000000001105e-04	1.858582e-02	1.859158e-01
8.395000000001110e-04	3.516857e-02	1.846027e-01
8.435000000001115e-04	5.171321e-02	1.832341e-01
8.523571428572555e-04	8.825087e-02	1.799928e-01
8.612142857143996e-04	1.241001e-01	1.765326e-01
8.700714285715436e-04	1.592609e-01	1.728535e-01
8.789285714286876e-04	1.937332e-01	1.689555e-01
8.877857142858317e-04	2.275171e-01	1.648386e-01
8.966428571429757e-04	2.606125e-01	1.605029e-01
9.055000000001198e-04	2.930195e-01	1.559482e-01
9.157857142858354e-04	3.293879e-01	1.504166e-01
9.260714285715511e-04	3.640926e-01	1.447355e-01
9.363571428572667e-04	3.971336e-01	1.389052e-01
9.466428571429824e-04	4.285111e-01	1.329254e-01
9.569285714286980e-04	4.582249e-01	1.267964e-01
9.672142857144137e-04	4.862750e-01	1.205179e-01
9.775000000001293e-04	5.126616e-01	1.140901e-01
9.835000000001301e-04	5.270738e-01	1.103353e-01
9.895000000001309e-04	5.407954e-01	1.065792e-01
9.955000000001317e-04	5.538262e-01	1.028217e-01
1.001500000000132e-03	5.661663e-01	9.906289e-02
1.007500000000133e-03	5.778157e-01	9.530274e-02
1.013500000000134e-03	5.887744e-01	9.154125e-02
1.019500000000135e-03	5.990424e-01	8.777842e-02
1.020500000000135e-03	6.006800e-01	8.715506e-02
1.031214285714422e-03	6.170557e-01	8.044119e-02
1.041928571428709e-03	6.309893e-01	7.388800e-02
1.052642857142996e-03	6.424808e-01	6.749547e-02
1.063357142857284e-03	6.515301e-01	6.126362e-02
1.074071428571571e-03	6.581373e-01	5.519244e-02
1.084785714285858e-03	6.623023e-01	4.928194e-02
1.095500000000145e-03	6.640252e-01	4.353210e-02
1.106071428571575e-03	6.631925e-01	3.812803e-02
1.116642857143005e-03	6.597226e-01	3.304861e-02
1.127214285714435e-03	6.536155e-01	2.829382e-02
1.137785714285865e-03	6.448714e-01	2.386368e-02
1.148357142857295e-03	6.334900e-01	1.975818e-02
1.158928571428725e-03	6.194716e-01	1.597733e-02
1.169500000000155e-03	6.028160e-01	1.252111e-02
1.178500000000156e-03	5.863715e-01	9.907842e-03
1.187500000000157e-03	5.679856e-01	7.598176e-03
1.196500000000158e-03	5.476581e-01	5.592114e-03
1.205500000000160e-03	5.253891e-01	3.889656e-03
1.214500000000161e-03	5.011786e-01	2.490802e-03
1.223500000000162e-03	4.750266e-01	1.395551e-03
1.232500000000163e-03	4.469331e-01	6.039045e-04
1.242214285714450e-03	4.143251e-01	1.239434e-04
1.251928571428737e-03	3.800303e-01	1.292144e-05
1.261642857143024e-03	3.440487e-01	2.708386e-04
1.271357142857311e-03	3.063803e-01	8.976948e-04
1.281071428571598e-03	2.670251e-01	1.893490e-03
1.290785714285885e-03	2.259832e-01	3.258225e-03
1.300500000000172e-03	1.832545e-01	4.991898e-03
1.304214285714458e-03	1.667304e-01	5.747046e-03
1.307928571428745e-03	1.500856e-01	6.552348e-03
1.311642857143031e-03	1.333199e-01	7.407804e-03
1.315357142857317e-03	1.164334e-01	8.313415e-03
1.319071428571603e-03	9.942609e-02	9.269181e-03
1.322785714285889e-03	8.229797e-02	1.027510e-02
1.326500000000176e-03	6.504904e-02	1.133117e-02
1.328928571428747e-03	5.373838e-02	1.204745e-02
1.331357142857319e-03	4.240650e-02	1.278376e-02
1.333785714285891e-03	3.105340e-02	1.354011e-02
1.336214285714463e-03	1.967908e-02	1.431650e-02
1.338642857143034e-03	8.283548e-03	1.511292e-02
1.341071428571606e-03	-3.133207e-03	1.592938e-02
1.343500000000178e-03	-1.457118e-02	1.676587e-02
1.349071428571607e-03	-4.092589e-02	1.876360e-02
1.354642857143037e-03	-6.717520e-02	2.085412e-02
1.360214285714466e-03	-9.331913e-02	2.303745e-02
1.365785714285895e-03	-1.193577e-01	2.531357e-02
1.371357142857324e-03	-1.452908e-01	2.768250e-02
1.376928571428754e-03	-1.711186e-01	3.014422e-02
1.382500000000183e-03	-1.968409e-01	3.269875e-02
1.393071428571613e-03	-2.453176e-01	3.781911e-02
1.403642857143043e-03	-2.919847e-01	4.315214e-02
1.414214285714473e-03	-3.368421e-01	4.869782e-02
1.424785714285903e-03	-3.798900e-01	5.445617e-02
1.435357142857333e-03	-4.211283e-01	6.042717e-02
1.445928571428763e-03	-4.605570e-01	6.661084e-02
1.456500000000192e-03	-4.981761e-01	7.300717e-02
1.463500000000193e-03	-5.214166e-01	7.728791e-02
1.470500000000194e-03	-5.433913e-01	8.159164e-02
1.477500000000195e-03	-5.641002e-01	8.591835e-02
1.484500000000196e-03	-5.835433e-01	9.026805e-02
1.491500000000197e-03	-6.017206e-01	9.464073e-02
1.498500000000198e-03	-6.186321e-01	9.903641e-02
1.505500000000199e-03	-6.342778e-01	1.034551e-01
1.514500000000200e-03	-6.523103e-01	1.091421e-01
1.523500000000201e-03	-6.679494e-01	1.147558e-01
1.532500000000203e-03	-6.811950e-01	1.202961e-01
1.541500000000204e-03	-6.920471e-01	1.257630e-01
1.550500000000205e-03	-7.005058e-01	1.311565e-01
1.559500000000206e-03	-7.065711e-01	1.364766e-01
1.568500000000207e-03	-7.102429e-01	1.417233e-01
1.582928571428781e-03	-7.105343e-01	1.499203e-01
1.597357142857354e-03	-7.051288e-01	1.575638e-01
1.611785714285927e-03	-6.940261e-01	1.646538e-01
1.626214285714501e-03	-6.772264e-01	1.711903e-01
1.640642857143074e-03	-6.547297e-01	1.771733e-01
1.655071428571648e-03	-6.265359e-01	1.826029e-01
1.669500000000221e-03	-5.926450e-01	1.874789e-01
1.681642857143080e-03	-5.602959e-01	1.909472e-01
1.693785714285938e-03	-5.254821e-01	1.938537e-01
1.705928571428797e-03	-4.882036e-01	1.961985e-01
1.718071428571656e-03	-4.484606e-01	1.979815e-01
1.730214285714514e-03	-4.062529e-01	1.992028e-01
1.742357142857373e-03	-3.615806e-01	1.998623e-01
1.754500000000232e-03	-3.144437e-01	1.999600e-01
1.761928571428805e-03	-2.851092e-01	1.997150e-01
1.769357142857377e-03	-2.554643e-01	1.992565e-01
1.776785714285949e-03	-2.255088e-01	1.985848e-01
1.784214285714522e-03	-1.952429e-01	1.976998e-01
1.791642857143094e-03	-1.646666e-01	1.966014e-01
1.799071428571667e-03	-1.337797e-01	1.952897e-01
1.806500000000239e-03	-1.025824e-01	1.937647e-01
1.809357142857382e-03	-9.061741e-02	1.931250e-01
1.812214285714525e-03	-7.865514e-02	1.924559e-01
1.815071428571669e-03	-6.669556e-02	1.917574e-01
1.817928571428812e-03	-5.473867e-02	1.910294e-01
1.820785714285955e-03	-4.278446e-02	1.902720e-01
1.823642857143098e-03	-3.083293e-02	1.894851e-01
1.826500000000242e-03	-1.888410e-02	1.886688e-01
1.829785714285956e-03	-5.159798e-03	1.876943e-01
1.833071428571671e-03	8.524681e-03	1.866836e-01
1.836357142857386e-03	2.216934e-02	1.856365e-01
1.839642857143100e-03	3.577418e-02	1.845533e-01
1.842928571428815e-03	4.933919e-02	1.834338e-01
1.846214285714530e-03	6.286438e-02	1.822780e-01
1.849500000000245e-03	7.634976e-02	1.810860e-01
1.859214285714532e-03	1.161077e-01	1.773240e-01
1.868928571428819e-03	1.549319e-01	1.733141e-01
1.878642857143106e-03	1.928224e-01	1.690562e-01
1.888357142857393e-03	2.297793e-01	1.645505e-01
1.898071428571680e-03	2.658026e-01	1.597969e-01
1.907785714285967e-03	3.008921e-01	1.547953e-01
1.917500000000254e-03	3.350480e-01	1.495459e-01
1.927071428571683e-03	3.673314e-01	1.441844e-01
1.936642857143113e-03	3.981076e-01	1.387137e-01
1.946214285714543e-03	4.273765e-01	1.331340e-01
1.955785714285973e-03	4.551382e-01	1.274451e-01
1.965357142857403e-03	4.813926e-01	1.216470e-01
1.974928571428833e-03	5.061397e-01	1.157399e-01
1.984500000000263e-03	5.293796e-01	1.097236e-01
1.991357142857406e-03	5.449117e-01	1.054078e-01
1.998214285714550e-03	5.595223e-01	1.011020e-01
2.005071428571694e-03	5.732114e-01	9.680610e-02
2.011928571428837e-03	5.859790e-01	9.252006e-02
2.018785714285981e-03	5.978251e-01	8.824391e-02
2.025642857143125e-03	6.087496e-01	8.397765e-02
2.032500000000269e-03	6.187527e-01	7.972127e-02
2.044500000000270e-03	6.338809e-01	7.240271e-02
2.056357142857415e-03	6.460103e-01	6.523517e-02
2.068214285714559e-03	6.550252e-01	5.835132e-02
2.080071428571704e-03	6.609254e-01	5.175116e-02
2.091928571428848e-03	6.637110e-01	4.543468e-02
2.103785714285993e-03	6.633819e-01	3.940189e-02
2.115642857143137e-03	6.599382e-01	3.365279e-02
2.127500000000282e-03	6.533799e-01	2.818737e-02
2.137214285714568e-03	6.454787e-01	2.404489e-02
2.146928571428855e-03	6.352904e-01	2.021745e-02
2.156642857143142e-03	6.228149e-01	1.670506e-02
2.166357142857430e-03	6.080523e-01	1.350772e-02
2.176071428571717e-03	5.910026e-01	1.062542e-02
2.185785714286004e-03	5.716658e-01	8.058174e-03
2.195500000000291e-03	5.500418e-01	5.805970e-03
2.207928571428863e-03	5.185755e-01	3.461219e-03
2.220357142857437e-03	4.838200e-01	1.720517e-03
2.232785714286010e-03	4.457753e-01	5.838618e-04
2.245214285714583e-03	4.044414e-01	5.125456e-05
2.257642857143156e-03	3.598183e-01	1.226950e-04
2.270071428571729e-03	3.119060e-01	7.981831e-04
2.282500000000302e-03	2.607045e-01	2.077719e-03
2.288214285714588e-03	2.364984e-01	2.872324e-03
2.293928571428875e-03	2.119265e-01	3.788704e-03
2.299642857143161e-03	1.869889e-01	4.826860e-03
2.305357142857448e-03	1.616856e-01	5.986792e-03
2.311071428571735e-03	1.360165e-01	7.268500e-03
2.316785714286021e-03	1.099817e-01	8.671983e-03
2.322500000000307e-03	8.358113e-02	1.019724e-02
2.324642857143165e-03	7.365521e-02	1.079799e-02
2.326785714286022e-03	6.370711e-02	1.141461e-02
2.328928571428880e-03	5.373684e-02	1.204712e-02
2.331071428571737e-03	4.374440e-02	1.269552e-02
2.333214285714594e-03	3.372978e-02	1.335979e-02
2.335357142857452e-03	2.369299e-02	1.403995e-02
2.337500000000309e-03	1.363402e-02	1.473598e-02
2.339928571428881e-03	2.215326e-03	1.554367e-02
2.342357142857453e-03	-9.208416e-03	1.637052e-02
2.344785714286025e-03	-2.063720e-02	1.721654e-02
2.347214285714596e-03	-3.207103e-02	1.808174e-02
2.349642857143168e-03	-4.350990e-02	1.896610e-02
2.352071428571740e-03	-5.495381e-02	1.986964e-02
2.354500000000312e-03	-6.640277e-02	2.079234e-02
2.362071428571741e-03	-1.022658e-01	2.380410e-02
2.369642857143171e-03	-1.376831e-01	2.696934e-02
2.377214285714600e-03	-1.726548e-01	3.028806e-02
2.384785714286030e-03	-2.071808e-01	3.376025e-02
2.392357142857460e-03	-2.412611e-01	3.738593e-02
2.399928571428889e-03	-2.748957e-01	4.116509e-02
2.407500000000319e-03	-3.080846e-01	4.509772e-02
2.417785714286034e-03	-3.520006e-01	5.067250e-02
2.428071428571750e-03	-3.937396e-01	5.639175e-02
2.438357142857466e-03	-4.333014e-01	6.225547e-02
2.448642857143181e-03	-4.706862e-01	6.826366e-02
2.458928571428897e-03	-5.058939e-01	7.441632e-02
2.469214285714613e-03	-5.389246e-01	8.071346e-02
2.479500000000328e-03	-5.697781e-01	8.715506e-02
2.487071428571758e-03	-5.905210e-01	9.191253e-02
2.494642857143187e-03	-6.096549e-01	9.666150e-02
2.502214285714617e-03	-6.271796e-01	1.014020e-01
2.509785714286047e-03	-6.430953e-01	1.061339e-01
2.517357142857476e-03	-6.574020e-01	1.108574e-01
2.524928571428906e-03	-6.700996e-01	1.155723e-01
2.532500000000335e-03	-6.811881e-01	1.202787e-01
2.544071428571765e-03	-6.946989e-01	1.274255e-01
2.555642857143195e-03	-7.042466e-01	1.343396e-01
2.567214285714626e-03	-7.098312e-01	1.410212e-01
2.578785714286056e-03	-7.114528e-01	1.474701e-01
2.590357142857486e-03	-7.091112e-01	1.536865e-01
2.601928571428916e-03	-7.028067e-01	1.596702e-01
2.613500000000346e-03	-6.925390e-01	1.654213e-01
2.628214285714634e-03	-6.733247e-01	1.722310e-01
2.642928571428921e-03	-6.491350e-01	1.783124e-01
2.657642857143209e-03	-6.199699e-01	1.836653e-01
2.672357142857497e-03	-5.858293e-01	1.882898e-01
2.687071428571784e-03	-5.467134e-01	1.921859e-01
2.701785714286072e-03	-5.026220e-01	1.953536e-01
2.716500000000360e-03	-4.535552e-01	1.977929e-01
2.726357142857504e-03	-4.189636e-01	1.988999e-01
2.736214285714648e-03	-3.833469e-01	1.996250e-01
2.746071428571792e-03	-3.467050e-01	1.999683e-01
2.755928571428936e-03	-3.090380e-01	1.999297e-01
2.765785714286081e-03	-2.703459e-01	1.995092e-01
2.775642857143224e-03	-2.306287e-01	1.987069e-01
2.785500000000369e-03	-1.898863e-01	1.975227e-01
2.789785714286084e-03	-1.721582e-01	1.968902e-01
2.794071428571799e-03	-1.543882e-01	1.961890e-01
2.798357142857514e-03	-1.365762e-01	1.954189e-01
2.802642857143228e-03	-1.187223e-01	1.945800e-01
2.806928571428943e-03	-1.008264e-01	1.936722e-01
2.811214285714658e-03	-8.288850e-02	1.926957e-01
2.815500000000373e-03	-6.490866e-02	1.916502e-01
2.819500000000373e-03	-4.813533e-02	1.906142e-01
2.823500000000374e-03	-3.140011e-02	1.895227e-01
2.827500000000374e-03	-1.470299e-02	1.883758e-01
2.831500000000375e-03	1.956030e-03	1.871735e-01
2.835500000000375e-03	1.857695e-02	1.859158e-01
2.839500000000376e-03	3.515976e-02	1.846027e-01
2.843500000000377e-03	5.170447e-02	1.832341e-01
2.852357142857521e-03	8.824231e-02	1.799928e-01
2.861214285714665e-03	1.240917e-01	1.765326e-01
2.870071428571809e-03	1.592526e-01	1.728535e-01
2.878928571428953e-03	1.937251e-01	1.689555e-01
2.887785714286097e-03	2.275092e-01	1.648386e-01
2.896642857143241e-03	2.606048e-01	1.605029e-01
2.905500000000385e-03	2.930120e-01	1.559482e-01
2.915785714286100e-03	3.293805e-01	1.504166e-01
2.926071428571816e-03	3.640853e-01	1.447355e-01
2.936357142857532e-03	3.971266e-01	1.389052e-01
2.946642857143247e-03	4.285042e-01	1.329254e-01
2.956928571428963e-03	4.582181e-01	1.267964e-01
2.967214285714679e-03	4.862685e-01	1.205179e-01
2.977500000000394e-03	5.126551e-01	1.140901e-01
2.985214285714681e-03	5.310812e-01	1.092484e-01
2.992928571428968e-03	5.483510e-01	1.044132e-01
3.000642857143254e-03	5.644645e-01	9.958473e-02
3.008357142857541e-03	5.794216e-01	9.476285e-02
3.016071428571828e-03	5.932225e-01	8.994758e-02
3.023785714286115e-03	6.058671e-01	8.513894e-02
3.031500000000401e-03	6.173555e-01	8.033693e-02
3.036642857143259e-03	6.243195e-01	7.717142e-02
3.041785714286117e-03	6.307278e-01	7.403782e-02
3.046928571428975e-03	6.365803e-01	7.093614e-02
3.052071428571833e-03	6.418770e-01	6.786637e-02
3.057214285714691e-03	6.466180e-01	6.482852e-02
3.062357142857549e-03	6.508032e-01	6.182258e-02
3.067500000000406e-03	6.544327e-01	5.884856e-02
3.068500000000406e-03	6.550702e-01	5.827673e-02
3.079785714286122e-03	6.608760e-01	5.187181e-02
3.091071428571838e-03	6.637710e-01	4.578067e-02
3.102357142857554e-03	6.637551e-01	4.000330e-02
3.113642857143269e-03	6.608285e-01	3.453970e-02
3.124928571428985e-03	6.549910e-01	2.938987e-02
3.136214285714701e-03	6.462427e-01	2.455382e-02
3.147500000000417e-03	6.345836e-01	2.003153e-02
3.156785714286132e-03	6.226043e-01	1.664425e-02
3.166071428571848e-03	6.085267e-01	1.356376e-02
3.175357142857564e-03	5.923506e-01	1.079004e-02
3.184642857143279e-03	5.740762e-01	8.323111e-03
3.193928571428994e-03	5.537033e-01	6.162961e-03
3.203214285714710e-03	5.312321e-01	4.309593e-03
3.212500000000426e-03	5.066624e-01	2.763008e-03
3.223642857143284e-03	4.741091e-01	1.366260e-03
3.234785714286143e-03	4.390809e-01	4.568703e-04
3.245928571429001e-03	4.015778e-01	3.483841e-05
3.257071428571860e-03	3.615999e-01	1.001644e-04
3.268214285714719e-03	3.191472e-01	6.528483e-04
3.279357142857577e-03	2.742196e-01	1.692890e-03
3.290500000000436e-03	2.268171e-01	3.220290e-03
3.295357142857580e-03	2.057468e-01	4.035897e-03
3.300214285714723e-03	1.844380e-01	4.938534e-03
3.305071428571867e-03	1.628907e-01	5.928200e-03
3.309928571429010e-03	1.411049e-01	7.004896e-03
3.314785714286153e-03	1.190806e-01	8.168622e-03
3.319642857143297e-03	9.681783e-02	9.419377e-03
3.324500000000440e-03	7.431652e-02	1.075716e-02
3.326642857143298e-03	6.436420e-02	1.137301e-02
3.328785714286155e-03	5.439196e-02	1.200463e-02
3.330928571429013e-03	4.439980e-02	1.265202e-02
3.333071428571870e-03	3.438772e-02	1.331518e-02
3.335214285714727e-03	2.435572e-02	1.399411e-02
3.337357142857585e-03	1.430380e-02	1.468881e-02
3.339500000000442e-03	4.231966e-03	1.539929e-02
3.342928571429014e-03	-1.192124e-02	1.656888e-02
3.346357142857586e-03	-2.806826e-02	1.777573e-02
3.349785714286158e-03	-4.420912e-02	1.901984e-02
3.353214285714730e-03	-6.034381e-02	2.030122e-02
3.356642857143302e-03	-7.647232e-02	2.161987e-02
3.360071428571874e-03	-9.259467e-02	2.297578e-02
3.363500000000446e-03	-1.087108e-01	2.436896e-02
3.372071428571875e-03	-1.490999e-01	2.803020e-02
3.380642857143305e-03	-1.887043e-01	3.187075e-02
3.389214285714735e-03	-2.275241e-01	3.589061e-02
3.397785714286164e-03	-2.655593e-01	4.008979e-02
3.406357142857594e-03	-3.028100e-01	4.446829e-02
3.414928571429024e-03	-3.392760e-01	4.902610e-02
3.423500000000454e-03	-3.749575e-01	5.376323e-02
3.432928571429026e-03	-4.126786e-01	5.914365e-02
3.442357142857599e-03	-4.483876e-01	6.461842e-02
3.451785714286172e-03	-4.820845e-01	7.018753e-02
3.461214285714744e-03	-5.137692e-01	7.585099e-02
3.470642857143317e-03	-5.434417e-01	8.160879e-02
3.480071428571890e-03	-5.711021e-01	8.746094e-02
3.489500000000462e-03	-5.967504e-01	9.340744e-02
3.496214285714749e-03	-6.134091e-01	9.764029e-02
3.502928571429035e-03	-6.287807e-01	1.018587e-01
3.509642857143322e-03	-6.428651e-01	1.060625e-01
3.516357142857609e-03	-6.556622e-01	1.102519e-01
3.523071428571895e-03	-6.671722e-01	1.144268e-01
3.529785714286182e-03	-6.773951e-01	1.185872e-01
3.536500000000469e-03	-6.863307e-01	1.227331e-01
3.548357142857613e-03	-6.986856e-01	1.300107e-01
3.560214285714757e-03	-7.068964e-01	1.370287e-01
3.572071428571902e-03	-7.109631e-01	1.437872e-01
3.583928571429046e-03	-7.108857e-01	1.502861e-01
3.595785714286191e-03	-7.066642e-01	1.565254e-01
3.607642857143335e-03	-6.982986e-01	1.625052e-01
3.619500000000480e-03	-6.857889e-01	1.682254e-01
3.633928571429053e-03	-6.646434e-01	1.746599e-01
3.648357142857626e-03	-6.388355e-01	1.803811e-01
3.662785714286200e-03	-6.083654e-01	1.853890e-01
3.677214285714773e-03	-5.732331e-01	1.896835e-01
3.691642857143346e-03	-5.334384e-01	1.932647e-01
3.706071428571920e-03	-4.889815e-01	1.961326e-01
3.720500000000493e-03	-4.398623e-01	1.982871e-01
3.730071428571923e-03	-4.057373e-01	1.992172e-01
3.739642857143352e-03	-3.706911e-01	1.997872e-01
3.749214285714782e-03	-3.347237e-01	1.999973e-01
3.758785714286212e-03	-2.978351e-01	1.998472e-01
3.768357142857642e-03	-2.600253e-01	1.993372e-01
3.777928571429072e-03	-2.212943e-01	1.984671e-01
3.787500000000502e-03	-1.816421e-01	1.972370e-01
3.791500000000502e-03	-1.650681e-01	1.966184e-01
3.795500000000503e-03	-1.484601e-01	1.959400e-01
3.799500000000503e-03	-1.318183e-01	1.952017e-01
3.803500000000504e-03	-1.151426e-01	1.944036e-01
3.807500000000504e-03	-9.843294e-02	1.935457e-01
3.811500000000505e-03	-8.168941e-02	1.926279e-01
3.815500000000506e-03	-6.491197e-02	1.916502e-01
3.819500000000506e-03	-4.813861e-02	1.906142e-01
3.823500000000507e-03	-3.140335e-02	1.895227e-01
3.827500000000507e-03	-1.470620e-02	1.883758e-01
3.831500000000508e-03	1.952855e-03	1.871735e-01
3.835500000000508e-03	1.857381e-02	1.859158e-01
3.839500000000509e-03	3.515666e-02	1.846027e-01
3.843500000000509e-03	5.170141e-02	1.832341e-01
3.852357142857653e-03	8.823932e-02	1.799928e-01
3.861214285714797e-03	1.240888e-01	1.765326e-01
3.870071428571941e-03	1.592498e-01	1.728535e-01
3.878928571429085e-03	1.937224e-01	1.689555e-01
3.887785714286229e-03	2.275065e-01	1.648386e-01
3.896642857143373e-03	2.606022e-01	1.605029e-01
3.905500000000517e-03	2.930094e-01	1.559482e-01
3.915785714286233e-03	3.293780e-01	1.504166e-01
3.926071428571949e-03	3.640830e-01	1.447355e-01
3.936357142857665e-03	3.971243e-01	1.389052e-01
3.946642857143381e-03	4.285020e-01	1.329254e-01
3.956928571429096e-03	4.582160e-01	1.267964e-01
3.967214285714812e-03	4.862663e-01	1.205179e-01
3.977500000000527e-03	5.126531e-01	1.140901e-01
3.985214285714815e-03	5.310792e-01	1.092484e-01
3.992928571429101e-03	5.483490e-01	1.044132e-01
4.000642857143388e-03	5.644625e-01	9.958473e-02
4.008357142857674e-03	5.794197e-01	9.476285e-02
4.016071428571961e-03	5.932206e-01	8.994758e-02
4.023785714286248e-03	6.058652e-01	8.513894e-02
4.031500000000535e-03	6.173535e-01	8.033693e-02
4.040071428571964e-03	6.286887e-01	7.505111e-02
4.048642857143394e-03	6.384528e-01	6.987423e-02
4.057214285714824e-03	6.466459e-01	6.480630e-02
4.065785714286253e-03	6.532680e-01	5.984730e-02
4.074357142857683e-03	6.583190e-01	5.499724e-02
4.082928571429113e-03	6.617989e-01	5.025613e-02
4.091500000000543e-03	6.637077e-01	4.562395e-02
4.092500000000542e-03	6.638183e-01	4.509772e-02
4.103071428571972e-03	6.637029e-01	3.961955e-02
4.113642857143402e-03	6.609597e-01	3.446039e-02
4.124214285714832e-03	6.555889e-01	2.962025e-02
4.134785714286261e-03	6.475904e-01	2.509913e-02
4.145357142857692e-03	6.369642e-01	2.089703e-02
4.155928571429122e-03	6.237103e-01	1.701394e-02
4.166500000000552e-03	6.078287e-01	1.344987e-02
4.175500000000553e-03	5.920513e-01	1.074161e-02
4.184500000000554e-03	5.743250e-01	8.335081e-03
4.193500000000555e-03	5.546499e-01	6.230283e-03
4.202500000000557e-03	5.330258e-01	4.427216e-03
4.211500000000559e-03	5.094528e-01	2.925878e-03
4.220500000000560e-03	4.839310e-01	1.726271e-03
4.229500000000561e-03	4.564602e-01	8.283940e-04
4.239357142857705e-03	4.240078e-01	2.270579e-04
4.249214285714849e-03	3.897819e-01	6.116808e-06
4.259071428571993e-03	3.537825e-01	1.655706e-04
4.268928571429137e-03	3.160096e-01	7.054193e-04
4.278785714286281e-03	2.764632e-01	1.625663e-03
4.288642857143425e-03	2.351432e-01	2.926301e-03
4.298500000000569e-03	1.920498e-01	4.607335e-03
4.302500000000570e-03	1.743351e-01	5.392941e-03
4.306500000000570e-03	1.564766e-01	6.236861e-03
4.310500000000571e-03	1.384744e-01	7.139095e-03
4.314500000000571e-03	1.203285e-01	8.099643e-03
4.318500000000572e-03	1.020388e-01	9.118506e-03
4.322500000000572e-03	8.360539e-02	1.019568e-02
4.326500000000573e-03	6.502822e-02	1.133117e-02
4.328928571429145e-03	5.371754e-02	1.204745e-02
4.331357142857717e-03	4.238565e-02	1.278376e-02
4.333785714286289e-03	3.103255e-02	1.354011e-02
4.336214285714860e-03	1.965823e-02	1.431650e-02
4.338642857143432e-03	8.262696e-03	1.511292e-02
4.341071428572004e-03	-3.154053e-03	1.592938e-02
4.343500000000576e-03	-1.459202e-02	1.676587e-02
4.349071428572006e-03	-4.094669e-02	1.876360e-02
4.354642857143434e-03	-6.719596e-02	2.085412e-02
4.360214285714864e-03	-9.333982e-02	2.303745e-02
4.365785714286293e-03	-1.193783e-01	2.531357e-02
4.371357142857722e-03	-1.453113e-01	2.768250e-02
4.376928571429151e-03	-1.711390e-01	3.014422e-02
4.382500000000580e-03	-1.968612e-01	3.269875e-02
4.393071428572010e-03	-2.453376e-01	3.781911e-02
4.403642857143441e-03	-2.920044e-01	4.315214e-02
4.414214285714871e-03	-3.368615e-01	4.869782e-02
4.424785714286300e-03	-3.799091e-01	5.445617e-02
4.435357142857730e-03	-4.211471e-01	6.042717e-02
4.445928571429160e-03	-4.605754e-01	6.661084e-02
4.456500000000590e-03	-4.981941e-01	7.300717e-02
4.463500000000591e-03	-5.214344e-01	7.728791e-02
4.470500000000592e-03	-5.434089e-01	8.159164e-02
4.477500000000593e-03	-5.641175e-01	8.591835e-02
4.484500000000595e-03	-5.835604e-01	9.026805e-02
4.491500000000596e-03	-6.017375e-01	9.464073e-02
4.498500000000597e-03	-6.186487e-01	9.903641e-02
4.505500000000598e-03	-6.342942e-01	1.034551e-01
4.514500000000599e-03	-6.523265e-01	1.091421e-01
4.523500000000600e-03	-6.679653e-01	1.147558e-01
4.532500000000601e-03	-6.812106e-01	1.202961e-01
4.541500000000601e-03	-6.920626e-01	1.257630e-01
4.550500000000603e-03	-7.005210e-01	1.311565e-01
4.559500000000604e-03	-7.065861e-01	1.364766e-01
4.568500000000605e-03	-7.102576e-01	1.417233e-01
4.582928571429178e-03	-7.105488e-01	1.499203e-01
4.597357142857752e-03	-7.051430e-01	1.575638e-01
4.611785714286326e-03	-6.940401e-01	1.646538e-01
4.626214285714899e-03	-6.772401e-01	1.711903e-01
4.640642857143472e-03	-6.547431e-01	1.771733e-01
4.655071428572046e-03	-6.265491e-01	1.826029e-01
4.669500000000619e-03	-5.926580e-01	1.874789e-01
4.681642857143478e-03	-5.603086e-01	1.909472e-01
4.693785714286336e-03	-5.254946e-01	1.938537e-01
4.705928571429195e-03	-4.882160e-01	1.961985e-01
4.718071428572054e-03	-4.484727e-01	1.979815e-01
4.730214285714913e-03	-4.062648e-01	1.992028e-01
4.742357142857771e-03	-3.615923e-01	1.998623e-01
4.754500000000630e-03	-3.144551e-01	1.999600e-01
4.761928571429202e-03	-2.851205e-01	1.997150e-01
4.769357142857774e-03	-2.554753e-01	1.992565e-01
4.776785714286347e-03	-2.255198e-01	1.985848e-01
4.784214285714920e-03	-1.952537e-01	1.976998e-01
4.791642857143492e-03	-1.646771e-01	1.966014e-01
4.799071428572064e-03	-1.337901e-01	1.952897e-01
4.806500000000637e-03	-1.025926e-01	1.937647e-01
4.809357142857780e-03	-9.062754e-02	1.931250e-01
4.812214285714923e-03	-7.866520e-02	1.924559e-01
4.815071428572066e-03	-6.670555e-02	1.917574e-01
4.817928571429209e-03	-5.474858e-02	1.910294e-01
4.820785714286352e-03	-4.279430e-02	1.902720e-01
4.823642857143496e-03	-3.084270e-02	1.894851e-01
4.826500000000639e-03	-1.889379e-02	1.886688e-01
4.829785714286355e-03	-5.169408e-03	1.876943e-01
4.833071428572069e-03	8.515157e-03	1.866836e-01
4.836357142857784e-03	2.215990e-02	1.856365e-01
4.839642857143498e-03	3.576482e-02	1.845533e-01
4.842928571429214e-03	4.932993e-02	1.834338e-01
4.846214285714928e-03	6.285521e-02	1.822780e-01
4.849500000000643e-03	7.634067e-02	1.810860e-01
4.859214285714931e-03	1.160988e-01	1.773240e-01
4.868928571429217e-03	1.549233e-01	1.733141e-01
4.878642857143504e-03	1.928141e-01	1.690562e-01
4.888357142857791e-03	2.297713e-01	1.645505e-01
4.898071428572078e-03	2.657947e-01	1.597969e-01
4.907785714286365e-03	3.008845e-01	1.547953e-01
4.917500000000652e-03	3.350407e-01	1.495459e-01
4.927214285714940e-03	3.678006e-01	1.441015e-01
4.936928571429226e-03	3.990047e-01	1.385458e-01
4.946642857143514e-03	4.286530e-01	1.328788e-01
4.956357142857800e-03	4.567456e-01	1.271006e-01
4.966071428572087e-03	4.832824e-01	1.212110e-01
4.975785714286374e-03	5.082634e-01	1.152102e-01
4.985500000000661e-03	5.316886e-01	1.090980e-01
4.992357142857805e-03	5.470919e-01	1.047804e-01
4.999214285714949e-03	5.615718e-01	1.004737e-01
5.006071428572093e-03	5.751284e-01	9.617818e-02
5.012928571429236e-03	5.877616e-01	9.189366e-02
5.019785714286380e-03	5.994714e-01	8.762020e-02
5.026642857143524e-03	6.102579e-01	8.335778e-02
5.033500000000668e-03	6.201209e-01	7.910641e-02
5.045214285714955e-03	6.348065e-01	7.188162e-02
5.056928571429242e-03	6.465018e-01	6.489972e-02
5.068642857143530e-03	6.552069e-01	5.816070e-02
5.080357142857816e-03	6.609216e-01	5.166456e-02
5.092071428572104e-03	6.636461e-01	4.541132e-02
5.103785714286391e-03	6.633803e-01	3.940096e-02
5.115500000000679e-03	6.601242e-01	3.363349e-02
5.116500000000678e-03	6.596893e-01	3.316480e-02
5.126500000000679e-03	6.541198e-01	2.858877e-02
5.136500000000680e-03	6.461436e-01	2.433283e-02
5.146500000000682e-03	6.357609e-01	2.039696e-02
5.156500000000683e-03	6.229715e-01	1.678118e-02
5.166500000000684e-03	6.077756e-01	1.348548e-02
5.176500000000686e-03	5.901731e-01	1.050985e-02
5.186500000000687e-03	5.701639e-01	7.854315e-03
5.196214285714974e-03	5.482143e-01	5.644249e-03
5.205928571429261e-03	5.240956e-01	3.798760e-03
5.215642857143548e-03	4.978078e-01	2.317848e-03
5.225357142857835e-03	4.693510e-01	1.201513e-03
5.235071428572122e-03	4.387251e-01	4.497546e-04
5.244785714286409e-03	4.059301e-01	6.257344e-05
5.254500000000696e-03	3.709660e-01	3.996924e-05
5.262642857143555e-03	3.401100e-01	3.214722e-04
5.270785714286413e-03	3.082531e-01	8.583529e-04
5.278928571429272e-03	2.753952e-01	1.650612e-03
5.287071428572129e-03	2.415363e-01	2.698248e-03
5.295214285714988e-03	2.066766e-01	4.001262e-03
5.303357142857846e-03	1.708158e-01	5.559655e-03
5.311500000000705e-03	1.339542e-01	7.373425e-03
5.313785714286417e-03	1.235580e-01	7.924513e-03
5.316071428572130e-03	1.131234e-01	8.494287e-03
5.318357142857842e-03	1.026503e-01	9.082746e-03
5.320642857143555e-03	9.213874e-02	9.689891e-03
5.322928571429268e-03	8.158874e-02	1.031572e-02
5.325214285714980e-03	7.100028e-02	1.096024e-02
5.327500000000693e-03	6.037337e-02	1.162344e-02
5.330071428572119e-03	4.838173e-02	1.239150e-02
5.332642857143547e-03	3.636876e-02	1.318190e-02
5.335214285714973e-03	2.433447e-02	1.399463e-02
5.337785714286399e-03	1.227885e-02	1.482971e-02
5.340357142857826e-03	2.019123e-04	1.568711e-02
5.342928571429253e-03	-1.189635e-02	1.656686e-02
5.345500000000680e-03	-2.401594e-02	1.746893e-02
5.351500000000675e-03	-5.242228e-02	1.966463e-02
5.357500000000671e-03	-8.067523e-02	2.196587e-02
5.363500000000666e-03	-1.087748e-01	2.437265e-02
5.369500000000662e-03	-1.367209e-01	2.688498e-02
5.375500000000658e-03	-1.645137e-01	2.950284e-02
5.381500000000653e-03	-1.921530e-01	3.222625e-02
5.387500000000649e-03	-2.196389e-01	3.505519e-02
5.398500000000641e-03	-2.695291e-01	4.053392e-02
5.409500000000633e-03	-3.173089e-01	4.622564e-02
5.420500000000624e-03	-3.629784e-01	5.213036e-02
5.431500000000616e-03	-4.065375e-01	5.824807e-02
5.442500000000608e-03	-4.479864e-01	6.457878e-02
5.453500000000600e-03	-4.873249e-01	7.112249e-02
5.464500000000592e-03	-5.245531e-01	7.787919e-02
5.471642857143444e-03	-5.468851e-01	8.229928e-02
5.478785714286296e-03	-5.678549e-01	8.673262e-02
5.485928571429148e-03	-5.874624e-01	9.117921e-02
5.493071428571999e-03	-6.057078e-01	9.563904e-02
5.500214285714852e-03	-6.225909e-01	1.001121e-01
5.507357142857703e-03	-6.381117e-01	1.045984e-01
5.514500000000555e-03	-6.522703e-01	1.090980e-01
5.524500000000548e-03	-6.695518e-01	1.153924e-01
5.534500000000541e-03	-6.838577e-01	1.215666e-01
5.544500000000533e-03	-6.951881e-01	1.276205e-01
5.554500000000526e-03	-7.035431e-01	1.335541e-01
5.564500000000519e-03	-7.089225e-01	1.393675e-01
5.574500000000511e-03	-7.113264e-01	1.450606e-01
5.584500000000504e-03	-7.107549e-01	1.506335e-01
5.600214285714778e-03	-7.030629e-01	1.590481e-01
5.615928571429053e-03	-6.890432e-01	1.667221e-01
5.631642857143327e-03	-6.686959e-01	1.736553e-01
5.647357142857600e-03	-6.420208e-01	1.798479e-01
5.663071428571875e-03	-6.090181e-01	1.852997e-01
5.678785714286149e-03	-5.696877e-01	1.900108e-01
5.694500000000423e-03	-5.240296e-01	1.939812e-01
5.705500000000415e-03	-4.893462e-01	1.961278e-01
5.716500000000407e-03	-4.530330e-01	1.978022e-01
5.727500000000399e-03	-4.150898e-01	1.990042e-01
5.738500000000391e-03	-3.755167e-01	1.997339e-01
5.749500000000383e-03	-3.343137e-01	1.999912e-01
5.760500000000375e-03	-2.914809e-01	1.997762e-01
5.771500000000367e-03	-2.470181e-01	1.990889e-01
5.777357142857505e-03	-2.231791e-01	1.985233e-01
5.783214285714644e-03	-1.992132e-01	1.978271e-01
5.789071428571782e-03	-1.751204e-01	1.970003e-01
5.794928571428921e-03	-1.509006e-01	1.960430e-01
5.800785714286059e-03	-1.265540e-01	1.949552e-01
5.806642857143198e-03	-1.020804e-01	1.937369e-01
5.812500000000336e-03	-7.747987e-02	1.923880e-01
5.815500000000334e-03	-6.491619e-02	1.916502e-01
5.819500000000331e-03	-4.814277e-02	1.906142e-01
5.823500000000328e-03	-3.140745e-02	1.895227e-01
5.827500000000325e-03	-1.471023e-02	1.883758e-01
5.831500000000323e-03	1.948885e-03	1.871735e-01
5.835500000000320e-03	1.856990e-02	1.859158e-01
5.839500000000317e-03	3.515282e-02	1.846027e-01
5.843500000000314e-03	5.169763e-02	1.832341e-01
5.852357142857450e-03	8.823570e-02	1.799928e-01
5.861214285714587e-03	1.240853e-01	1.765326e-01
5.870071428571723e-03	1.592465e-01	1.728535e-01
5.878928571428859e-03	1.937192e-01	1.689555e-01
5.887785714285995e-03	2.275035e-01	1.648386e-01
5.896642857143132e-03	2.605993e-01	1.605029e-01
5.905500000000268e-03	2.930067e-01	1.559482e-01
5.915785714285975e-03	3.293754e-01	1.504166e-01
5.926071428571681e-03	3.640805e-01	1.447355e-01
5.936357142857388e-03	3.971220e-01	1.389052e-01
5.946642857143095e-03	4.284998e-01	1.329254e-01
5.956928571428802e-03	4.582139e-01	1.267964e-01
5.967214285714509e-03	4.862644e-01	1.205179e-01
5.977500000000215e-03	5.126512e-01	1.140901e-01
5.985214285714495e-03	5.310774e-01	1.092484e-01
5.992928571428776e-03	5.483473e-01	1.044132e-01
6.000642857143056e-03	5.644609e-01	9.958473e-02
6.008357142857335e-03	5.794181e-01	9.476285e-02
6.016071428571615e-03	5.932190e-01	8.994758e-02
6.023785714285895e-03	6.058636e-01	8.513894e-02
6.031500000000176e-03	6.173518e-01	8.033693e-02
6.043071428571595e-03	6.323505e-01	7.317919e-02
6.054642857143016e-03	6.444419e-01	6.625109e-02
6.066214285714436e-03	6.536260e-01	5.955263e-02
6.077785714285856e-03	6.599028e-01	5.308381e-02
6.089357142857276e-03	6.632723e-01	4.684463e-02
6.100928571428696e-03	6.637345e-01	4.083509e-02
6.112500000000116e-03	6.612894e-01	3.505519e-02
6.116357142857256e-03	6.597562e-01	3.322906e-02
6.120214285714396e-03	6.578744e-01	3.144470e-02
6.124071428571536e-03	6.556440e-01	2.970209e-02
6.127928571428676e-03	6.530650e-01	2.800125e-02
6.131785714285816e-03	6.501373e-01	2.634218e-02
6.135642857142957e-03	6.468611e-01	2.472486e-02
6.139500000000096e-03	6.432362e-01	2.314931e-02
6.140500000000096e-03	6.422374e-01	2.274880e-02
6.149928571428660e-03	6.316591e-01	1.909951e-02
6.159357142857224e-03	6.189171e-01	1.576013e-02
6.168785714285789e-03	6.040114e-01	1.273066e-02
6.178214285714354e-03	5.869420e-01	1.001111e-02
6.187642857142918e-03	5.677089e-01	7.601479e-03
6.197071428571482e-03	5.463121e-01	5.501760e-03
6.206500000000047e-03	5.227516e-01	3.711957e-03
6.218071428571467e-03	4.905225e-01	2.000607e-03
6.229642857142888e-03	4.555538e-01	8.145191e-04
6.241214285714307e-03	4.178455e-01	1.536929e-04
6.252785714285727e-03	3.773976e-01	1.812872e-05
6.264357142857147e-03	3.342102e-01	4.078265e-04
6.275928571428568e-03	2.882832e-01	1.322786e-03
6.287499999999988e-03	2.396167e-01	2.763008e-03
6.292785714285698e-03	2.168750e-01	3.594809e-03
6.298071428571408e-03	1.938418e-01	4.530016e-03
6.303357142857118e-03	1.705169e-01	5.568631e-03
6.308642857142830e-03	1.469005e-01	6.710653e-03
6.313928571428540e-03	1.229924e-01	7.956082e-03
6.319214285714250e-03	9.879274e-02	9.304919e-03
6.324499999999960e-03	7.430145e-02	1.075716e-02
6.326642857142816e-03	6.434912e-02	1.137301e-02
6.328785714285671e-03	5.437687e-02	1.200463e-02
6.330928571428527e-03	4.438470e-02	1.265202e-02
6.333071428571382e-03	3.437262e-02	1.331518e-02
6.335214285714238e-03	2.434062e-02	1.399411e-02
6.337357142857093e-03	1.428870e-02	1.468881e-02
6.339499999999949e-03	4.216863e-03	1.539929e-02
6.342928571428518e-03	-1.193633e-02	1.656888e-02
6.346357142857087e-03	-2.808334e-02	1.777573e-02
6.349785714285656e-03	-4.422418e-02	1.901984e-02
6.353214285714225e-03	-6.035884e-02	2.030122e-02
6.356642857142794e-03	-7.648732e-02	2.161987e-02
6.360071428571363e-03	-9.260963e-02	2.297578e-02
6.363499999999932e-03	-1.087258e-01	2.436896e-02
6.372071428571354e-03	-1.491146e-01	2.803020e-02
6.380642857142777e-03	-1.887189e-01	3.187075e-02
6.389214285714199e-03	-2.275386e-01	3.589061e-02
6.397785714285621e-03	-2.655736e-01	4.008979e-02
6.406357142857043e-03	-3.028240e-01	4.446829e-02
6.414928571428466e-03	-3.392898e-01	4.902610e-02
6.423499999999888e-03	-3.749710e-01	5.376323e-02
6.432928571428452e-03	-4.126919e-01	5.914365e-02
6.442357142857016e-03	-4.484006e-01	6.461842e-02
6.451785714285581e-03	-4.820972e-01	7.018753e-02
6.461214285714146e-03	-5.137816e-01	7.585099e-02
6.470642857142711e-03	-5.434539e-01	8.160879e-02
6.480071428571274e-03	-5.711140e-01	8.746094e-02
6.489499999999839e-03	-5.967619e-01	9.340744e-02
6.496214285714120e-03	-6.134205e-01	9.764029e-02
6.502928571428401e-03	-6.287918e-01	1.018587e-01
6.509642857142682e-03	-6.428760e-01	1.060625e-01
6.516357142856962e-03	-6.556730e-01	1.102519e-01
6.523071428571243e-03	-6.671828e-01	1.144268e-01
6.529785714285524e-03	-6.774055e-01	1.185872e-01
6.536499999999805e-03	-6.863410e-01	1.227331e-01
6.548357142856938e-03	-6.986956e-01	1.300107e-01
6.560214285714073e-03	-7.069062e-01	1.370287e-01
6.572071428571207e-03	-7.109726e-01	1.437872e-01
6.583928571428341e-03	-7.108950e-01	1.502861e-01
6.595785714285475e-03	-7.066733e-01	1.565254e-01
6.607642857142610e-03	-6.983075e-01	1.625052e-01
6.619499999999744e-03	-6.857976e-01	1.682254e-01
6.633928571428305e-03	-6.646519e-01	1.746599e-01
6.648357142856865e-03	-6.388438e-01	1.803811e-01
6.662785714285426e-03	-6.083735e-01	1.853890e-01
6.677214285713987e-03	-5.732409e-01	1.896835e-01
6.691642857142548e-03	-5.334460e-01	1.932647e-01
6.706071428571108e-03	-4.889888e-01	1.961326e-01
6.720499999999669e-03	-4.398694e-01	1.982871e-01
6.730071428571091e-03	-4.057443e-01	1.992172e-01
6.739642857142513e-03	-3.706979e-01	1.997872e-01
6.749214285713934e-03	-3.347304e-01	1.999973e-01
6.758785714285355e-03	-2.978416e-01	1.998472e-01
6.768357142856777e-03	-2.600316e-01	1.993372e-01
6.777928571428199e-03	-2.213004e-01	1.984671e-01
6.787499999999620e-03	-1.816479e-01	1.972370e-01
6.791499999999617e-03	-1.650738e-01	1.966184e-01
6.795499999999614e-03	-1.484658e-01	1.959400e-01
6.799499999999611e-03	-1.318239e-01	1.952017e-01
6.803499999999608e-03	-1.151481e-01	1.944036e-01
6.807499999999606e-03	-9.843836e-02	1.935457e-01
6.811499999999603e-03	-8.169473e-02	1.926279e-01
6.815499999999600e-03	-6.491719e-02	1.916502e-01
6.819499999999597e-03	-4.814374e-02	1.906142e-01
6.823499999999594e-03	-3.140839e-02	1.895227e-01
6.827499999999591e-03	-1.471115e-02	1.883758e-01
6.831499999999588e-03	1.948002e-03	1.871735e-01
6.835499999999585e-03	1.856905e-02	1.859158e-01
6.839499999999582e-03	3.515200e-02	1.846027e-01
6.843499999999579e-03	5.169684e-02	1.832341e-01
6.852357142856715e-03	8.823498e-02	1.799928e-01
6.861214285713852e-03	1.240847e-01	1.765326e-01
6.870071428570988e-03	1.592459e-01	1.728535e-01
6.878928571428125e-03	1.937187e-01	1.689555e-01
6.887785714285261e-03	2.275030e-01	1.648386e-01
6.896642857142398e-03	2.605989e-01	1.605029e-01
6.905499999999534e-03	2.930063e-01	1.559482e-01
6.915928571428098e-03	3.298759e-01	1.503364e-01
6.926357142856661e-03	3.650313e-01	1.445723e-01
6.936785714285225e-03	3.984724e-01	1.386559e-01
6.947214285713789e-03	4.301994e-01	1.325873e-01
6.957642857142353e-03	4.602122e-01	1.263664e-01
6.968071428570916e-03	4.885107e-01	1.199932e-01
6.978499999999480e-03	5.150951e-01	1.134678e-01
6.986071428570903e-03	5.330487e-01	1.087135e-01
6.993642857142326e-03	5.498871e-01	1.039664e-01
7.001214285713749e-03	5.656103e-01	9.922632e-02
7.008785714285172e-03	5.802184e-01	9.449334e-02
7.016357142856595e-03	5.937114e-01	8.976744e-02
7.023928571428018e-03	6.060893e-01	8.504864e-02
7.031499999999441e-03	6.173520e-01	8.033693e-02
7.043071428570861e-03	6.323507e-01	7.317919e-02
7.054642857142281e-03	6.444420e-01	6.625109e-02
7.066214285713701e-03	6.536260e-01	5.955263e-02
7.077785714285121e-03	6.599027e-01	5.308381e-02
7.089357142856541e-03	6.632722e-01	4.684463e-02
7.100928571427962e-03	6.637342e-01	4.083509e-02
7.112499999999381e-03	6.612890e-01	3.505519e-02
7.119785714285090e-03	6.581232e-01	3.162763e-02
7.127071428570799e-03	6.536955e-01	2.835946e-02
7.134357142856508e-03	6.480060e-01	2.525067e-02
7.141642857142218e-03	6.410546e-01	2.230127e-02
7.148928571427926e-03	6.328414e-01	1.951125e-02
7.156214285713635e-03	6.233664e-01	1.688062e-02
7.163499999999344e-03	6.126296e-01	1.440937e-02
7.164499999999343e-03	6.110517e-01	1.408614e-02
7.173499999999337e-03	5.957185e-01	1.131509e-02
7.182499999999330e-03	5.784321e-01	8.844461e-03
7.191499999999323e-03	5.591924e-01	6.674253e-03
7.200499999999317e-03	5.379995e-01	4.804466e-03
7.209499999999310e-03	5.148534e-01	3.235100e-03
7.218499999999304e-03	4.897540e-01	1.966157e-03
7.227499999999297e-03	4.627014e-01	9.976343e-04
7.237499999999290e-03	4.302037e-01	3.113708e-04
7.247499999999282e-03	3.958588e-01	1.686493e-05
7.257499999999275e-03	3.596668e-01	1.141166e-04
7.267499999999268e-03	3.216276e-01	6.031258e-04
7.277499999999260e-03	2.817414e-01	1.483893e-03
7.287499999999253e-03	2.400080e-01	2.756417e-03
7.297499999999246e-03	1.964275e-01	4.420699e-03
7.301642857142100e-03	1.781228e-01	5.220014e-03
7.305785714284954e-03	1.596620e-01	6.081962e-03
7.309928571427808e-03	1.410450e-01	7.006541e-03
7.314071428570662e-03	1.222719e-01	7.993752e-03
7.318214285713516e-03	1.033426e-01	9.043594e-03
7.322357142856370e-03	8.425728e-02	1.015607e-02
7.326499999999224e-03	6.501578e-02	1.133117e-02
7.328928571427794e-03	5.370509e-02	1.204745e-02
7.331357142856363e-03	4.237320e-02	1.278376e-02
7.333785714284933e-03	3.102009e-02	1.354011e-02
7.336214285713503e-03	1.964577e-02	1.431650e-02
7.338642857142073e-03	8.250241e-03	1.511292e-02
7.341071428570642e-03	-3.166503e-03	1.592938e-02
7.343499999999212e-03	-1.460446e-02	1.676587e-02
7.349071428570636e-03	-4.095910e-02	1.876360e-02
7.354642857142061e-03	-6.720833e-02	2.085412e-02
7.360214285713485e-03	-9.335214e-02	2.303745e-02
7.365785714284910e-03	-1.193905e-01	2.531357e-02
7.371357142856334e-03	-1.453235e-01	2.768250e-02
7.376928571427759e-03	-1.711511e-01	3.014422e-02
7.382499999999183e-03	-1.968732e-01	3.269875e-02
7.393071428570604e-03	-2.453493e-01	3.781911e-02
7.403642857142025e-03	-2.920159e-01	4.315214e-02
7.414214285713446e-03	-3.368728e-01	4.869782e-02
7.424785714284866e-03	-3.799200e-01	5.445617e-02
7.435357142856287e-03	-4.211577e-01	6.042717e-02
7.445928571427708e-03	-4.605857e-01	6.661084e-02
7.456499999999129e-03	-4.982041e-01	7.300717e-02
7.462499999999124e-03	-5.181748e-01	7.666868e-02
7.468499999999120e-03	-5.372286e-01	8.035017e-02
7.474499999999116e-03	-5.553658e-01	8.405166e-02
7.480499999999111e-03	-5.725861e-01	8.777314e-02
7.486499999999107e-03	-5.888898e-01	9.151461e-02
7.492499999999102e-03	-6.042767e-01	9.527608e-02
7.498499999999098e-03	-6.187468e-01	9.905753e-02
7.499499999999097e-03	-6.210560e-01	9.968584e-02
7.500000000000000e-03	-6.222019e-01	1.000000e-01
