time	V(vd)	V(vd)*Id(M1)	Id(M1)
0.000000000000000e+00	0.000000e+00	0.000000e+00	4.491302e-07
5.524459072508655e-13	9.115358e-05	3.669197e-11	4.025291e-07
1.657337721329080e-12	2.734607e-04	8.461383e-11	3.094186e-07
1.252956927764477e-10	2.067379e-02	-2.052304e-07	-9.927085e-06
2.489340478315662e-10	4.107411e-02	-8.157576e-07	-1.986062e-05
3.725724028866848e-10	6.147444e-02	-1.812955e-06	-2.949120e-05
4.962107579418034e-10	8.187477e-02	-3.178282e-06	-3.881882e-05
6.198491129969219e-10	1.022751e-01	-4.893195e-06	-4.784347e-05
7.434874680520405e-10	1.226754e-01	-6.939155e-06	-5.656515e-05
8.671258231071589e-10	1.430758e-01	-9.297618e-06	-6.498388e-05
1.008554394533644e-09	1.664115e-01	-1.236498e-05	-7.430365e-05
1.149982965960130e-09	1.897472e-01	-1.579589e-05	-8.324705e-05
1.291411537386616e-09	2.130829e-01	-1.956401e-05	-9.181408e-05
1.432840108813102e-09	2.364186e-01	-2.364298e-05	-1.000047e-04
1.574268680239587e-09	2.597543e-01	-2.800646e-05	-1.078190e-04
1.715697251666073e-09	2.830900e-01	-3.262810e-05	-1.152570e-04
1.857125823092558e-09	3.064258e-01	-3.748155e-05	-1.223185e-04
1.935697251662828e-09	3.193900e-01	-4.026458e-05	-1.260671e-04
2.014268680233098e-09	3.323543e-01	-4.308648e-05	-1.296402e-04
2.092840108803368e-09	3.453186e-01	-4.594045e-05	-1.330378e-04
2.171411537373638e-09	3.582829e-01	-4.881964e-05	-1.362600e-04
2.249982965943908e-09	3.712472e-01	-5.171724e-05	-1.393068e-04
2.328554394514177e-09	3.842115e-01	-5.462642e-05	-1.421780e-04
2.407125823084447e-09	3.971758e-01	-5.754036e-05	-1.448738e-04
2.454268680226609e-09	4.049543e-01	-5.927487e-05	-1.463742e-04
2.501411537368771e-09	4.127329e-01	-6.098758e-05	-1.477653e-04
2.548554394510933e-09	4.205115e-01	-6.267595e-05	-1.490469e-04
2.595697251653095e-09	4.282900e-01	-6.433741e-05	-1.502193e-04
2.642840108795256e-09	4.360686e-01	-6.596942e-05	-1.512822e-04
2.689982965937418e-09	4.438472e-01	-6.756943e-05	-1.522358e-04
2.737125823079580e-09	4.516258e-01	-6.913488e-05	-1.530800e-04
2.762840108793487e-09	4.558686e-01	-6.996492e-05	-1.534761e-04
2.788554394507393e-09	4.601115e-01	-7.077590e-05	-1.538234e-04
2.814268680221300e-09	4.643543e-01	-7.156719e-05	-1.541220e-04
2.839982965935206e-09	4.685972e-01	-7.233819e-05	-1.543718e-04
2.865697251649113e-09	4.728400e-01	-7.308826e-05	-1.545729e-04
2.891411537363019e-09	4.770829e-01	-7.381678e-05	-1.547253e-04
2.917125823076926e-09	4.813258e-01	-7.452314e-05	-1.548289e-04
2.927125823076778e-09	4.829758e-01	-7.478971e-05	-1.548519e-04
2.937125823076631e-09	4.846258e-01	-7.505212e-05	-1.548661e-04
2.947125823076483e-09	4.862758e-01	-7.531025e-05	-1.548715e-04
2.957125823076336e-09	4.879258e-01	-7.556400e-05	-1.548678e-04
2.967125823076188e-09	4.895758e-01	-7.581321e-05	-1.548549e-04
2.977125823076041e-09	4.912257e-01	-7.605777e-05	-1.548326e-04
2.987125823075893e-09	4.928758e-01	-7.629756e-05	-1.548008e-04
3.007125823075598e-09	4.961758e-01	-7.676227e-05	-1.547078e-04
3.027125823075303e-09	4.994757e-01	-7.720623e-05	-1.545745e-04
3.057125823074861e-09	5.044258e-01	-7.783079e-05	-1.542958e-04
3.087125823074418e-09	5.093758e-01	-7.840201e-05	-1.539178e-04
3.117125823073976e-09	5.143257e-01	-7.891558e-05	-1.534350e-04
3.149982965930634e-09	5.197472e-01	-7.941927e-05	-1.528037e-04
3.182840108787292e-09	5.251686e-01	-7.982926e-05	-1.520069e-04
3.215697251643951e-09	5.305900e-01	-8.014287e-05	-1.510448e-04
3.248554394500609e-09	5.360115e-01	-8.035740e-05	-1.499173e-04
3.281411537357268e-09	5.414329e-01	-8.047016e-05	-1.486244e-04
3.314268680213926e-09	5.468543e-01	-8.047847e-05	-1.471662e-04
3.347125823070584e-09	5.522758e-01	-8.037963e-05	-1.455426e-04
3.385697251641444e-09	5.586400e-01	-8.011446e-05	-1.434098e-04
3.424268680212303e-09	5.650043e-01	-7.961402e-05	-1.409087e-04
3.462840108783163e-09	5.713686e-01	-7.887125e-05	-1.380392e-04
3.501411537354023e-09	5.777329e-01	-7.787913e-05	-1.348013e-04
3.539982965924883e-09	5.840972e-01	-7.663063e-05	-1.311950e-04
3.578554394495742e-09	5.904615e-01	-7.511870e-05	-1.272203e-04
3.617125823066602e-09	5.968258e-01	-7.333632e-05	-1.228773e-04
3.658554394494563e-09	6.036615e-01	-7.108070e-05	-1.177493e-04
3.699982965922523e-09	6.104972e-01	-6.830537e-05	-1.118848e-04
3.741411537350483e-09	6.173329e-01	-6.499521e-05	-1.052839e-04
3.782840108778444e-09	6.241686e-01	-6.113515e-05	-9.794652e-05
3.824268680206405e-09	6.310043e-01	-5.671006e-05	-8.987269e-05
3.865697251634365e-09	6.378400e-01	-5.170485e-05	-8.106241e-05
3.907125823062325e-09	6.446757e-01	-4.610441e-05	-7.151566e-05
3.932840108776231e-09	6.489186e-01	-4.222160e-05	-6.506455e-05
3.958554394490138e-09	6.531615e-01	-3.799007e-05	-5.816337e-05
3.984268680204044e-09	6.574043e-01	-3.340411e-05	-5.081212e-05
4.009982965917951e-09	6.616472e-01	-2.845798e-05	-4.301081e-05
4.035697251631858e-09	6.658900e-01	-2.314596e-05	-3.475943e-05
4.061411537345764e-09	6.701329e-01	-1.746231e-05	-2.605798e-05
4.087125823059670e-09	6.743758e-01	-1.140131e-05	-1.690647e-05
4.097125823059523e-09	6.760257e-01	-8.910795e-06	-1.318115e-05
4.107125823059376e-09	6.776758e-01	-6.351859e-06	-9.373005e-06
4.117125823059228e-09	6.793258e-01	-3.722956e-06	-5.480369e-06
4.127125823059081e-09	6.809757e-01	-1.022510e-06	-1.501536e-06
4.137125823058933e-09	6.826258e-01	1.751092e-06	2.565230e-06
4.147125823058786e-09	6.842757e-01	4.599499e-06	6.721703e-06
4.157125823058638e-09	6.859258e-01	7.524394e-06	1.096969e-05
4.167125823058491e-09	6.875758e-01	1.052750e-05	1.531104e-05
4.187125823058196e-09	6.908758e-01	1.677542e-05	2.428139e-05
4.207125823057901e-09	6.941758e-01	2.335781e-05	3.364827e-05
4.227125823057606e-09	6.974757e-01	3.028987e-05	4.342785e-05
4.257125823057163e-09	7.024258e-01	4.137850e-05	5.890800e-05
4.287125823056721e-09	7.073758e-01	5.334634e-05	7.541443e-05
4.317125823056278e-09	7.123258e-01	6.625381e-05	9.301055e-05
4.347125823055836e-09	7.172757e-01	8.016536e-05	1.117637e-04
4.379982965912495e-09	7.226972e-01	9.642130e-05	1.334187e-04
4.412840108769152e-09	7.281186e-01	1.142686e-04	1.569368e-04
4.445697251625811e-09	7.335400e-01	1.337375e-04	1.823179e-04
4.478554394482469e-09	7.389615e-01	1.548583e-04	2.095621e-04
4.511411537339128e-09	7.443829e-01	1.776614e-04	2.386694e-04
4.544268680195786e-09	7.498043e-01	2.021770e-04	2.696397e-04
4.577125823052444e-09	7.552258e-01	2.284354e-04	3.024731e-04
4.615697251623304e-09	7.615900e-01	2.616750e-04	3.435903e-04
4.654268680194163e-09	7.679543e-01	2.986899e-04	3.889423e-04
4.692840108765023e-09	7.743186e-01	3.395612e-04	4.385290e-04
4.731411537335883e-09	7.806829e-01	3.843695e-04	4.923504e-04
4.769982965906743e-09	7.870472e-01	4.331959e-04	5.504065e-04
4.808554394477602e-09	7.934115e-01	4.861210e-04	6.126973e-04
4.847125823048462e-09	7.997758e-01	5.432259e-04	6.792228e-04
4.888554394476422e-09	8.066115e-01	6.098351e-04	7.560457e-04
4.929982965904383e-09	8.134472e-01	6.844211e-04	8.413835e-04
4.971411537332343e-09	8.202829e-01	7.671583e-04	9.352362e-04
5.012840108760304e-09	8.271186e-01	8.582215e-04	1.037604e-03
5.054268680188265e-09	8.339543e-01	9.577852e-04	1.148486e-03
5.095697251616225e-09	8.407900e-01	1.066024e-03	1.267884e-03
5.137125823044185e-09	8.476257e-01	1.183113e-03	1.395796e-03
5.181411537329246e-09	8.549329e-01	1.319431e-03	1.543315e-03
5.225697251614308e-09	8.622400e-01	1.472978e-03	1.708315e-03
5.269982965899369e-09	8.695472e-01	1.644138e-03	1.890798e-03
5.314268680184430e-09	8.768543e-01	1.833294e-03	2.090763e-03
5.358554394469491e-09	8.841615e-01	2.040830e-03	2.308209e-03
5.402840108754552e-09	8.914686e-01	2.267128e-03	2.543138e-03
5.447125823039613e-09	8.987758e-01	2.512571e-03	2.795548e-03
5.492840108753225e-09	9.063186e-01	2.789421e-03	3.077749e-03
5.538554394466836e-09	9.138615e-01	3.101369e-03	3.393697e-03
5.584268680180448e-09	9.214044e-01	3.449178e-03	3.743392e-03
5.629982965894060e-09	9.289472e-01	3.833613e-03	4.126836e-03
5.675697251607671e-09	9.364901e-01	4.255436e-03	4.544027e-03
5.721411537321283e-09	9.440329e-01	4.715412e-03	4.994966e-03
5.767125823034894e-09	9.515758e-01	5.214304e-03	5.479652e-03
5.812840108748505e-09	9.591186e-01	5.760048e-03	6.005563e-03
5.858554394462117e-09	9.666614e-01	6.370808e-03	6.590527e-03
5.904268680175729e-09	9.742043e-01	7.047923e-03	7.234543e-03
5.949982965889340e-09	9.817472e-01	7.792728e-03	7.937612e-03
5.995697251602952e-09	9.892900e-01	8.606560e-03	8.699734e-03
6.041411537316563e-09	9.968329e-01	9.490754e-03	9.520908e-03
6.087125823030175e-09	1.004376e+00	1.044665e-02	1.040113e-02
6.134268680172336e-09	1.012154e+00	1.152411e-02	1.138572e-02
6.181411537314498e-09	1.019933e+00	1.271912e-02	1.247055e-02
6.228554394456660e-09	1.027711e+00	1.403403e-02	1.365561e-02
6.275697251598822e-09	1.035490e+00	1.547117e-02	1.494091e-02
6.322840108740984e-09	1.043269e+00	1.703288e-02	1.632646e-02
6.369982965883146e-09	1.051047e+00	1.872150e-02	1.781224e-02
6.417125823025308e-09	1.058826e+00	2.053937e-02	1.939826e-02
6.435697251596463e-09	1.061890e+00	2.130169e-02	2.006016e-02
6.454268680167617e-09	1.064954e+00	2.208825e-02	2.074103e-02
6.472840108738772e-09	1.068019e+00	2.289923e-02	2.144085e-02
6.491411537309927e-09	1.071083e+00	2.373481e-02	2.215964e-02
6.509982965881082e-09	1.074147e+00	2.459517e-02	2.289739e-02
6.528554394452236e-09	1.077211e+00	2.548047e-02	2.365410e-02
6.547125823023391e-09	1.080276e+00	2.639089e-02	2.442978e-02
6.557125823023243e-09	1.081926e+00	2.689409e-02	2.485761e-02
6.577125823022948e-09	1.085226e+00	2.794369e-02	2.574920e-02
6.604268680165405e-09	1.089704e+00	2.950225e-02	2.707363e-02
6.631411537307862e-09	1.094183e+00	3.117195e-02	2.848879e-02
6.658554394450318e-09	1.098661e+00	3.295401e-02	2.999469e-02
6.685697251592776e-09	1.103140e+00	3.484966e-02	3.159133e-02
6.712840108735232e-09	1.107619e+00	3.686012e-02	3.327871e-02
6.739982965877689e-09	1.112097e+00	3.898659e-02	3.505682e-02
6.767125823020146e-09	1.116576e+00	4.123031e-02	3.692567e-02
6.781411537305650e-09	1.118933e+00	4.243671e-02	3.792606e-02
6.795697251591153e-09	1.121290e+00	4.365329e-02	3.893131e-02
6.809982965876657e-09	1.123647e+00	4.488008e-02	3.994143e-02
6.824268680162160e-09	1.126004e+00	4.611712e-02	4.095643e-02
6.838554394447664e-09	1.128362e+00	4.736443e-02	4.197629e-02
6.852840108733167e-09	1.130719e+00	4.862206e-02	4.300103e-02
6.867125823018671e-09	1.133076e+00	4.989004e-02	4.403063e-02
6.897125823018229e-09	1.138026e+00	5.252098e-02	4.615096e-02
6.917125823017934e-09	1.141326e+00	5.424481e-02	4.752790e-02
6.927125823017786e-09	1.142976e+00	5.501190e-02	4.813042e-02
6.937125823017639e-09	1.144626e+00	5.572973e-02	4.868817e-02
6.947125823017491e-09	1.146276e+00	5.648471e-02	4.927672e-02
6.955158898803034e-09	1.147601e+00	5.694190e-02	4.961819e-02
6.963376027100205e-09	1.148957e+00	5.720789e-02	4.979115e-02
6.968260908822469e-09	1.149763e+00	5.725158e-02	4.979424e-02
6.974340017864966e-09	1.150766e+00	5.723004e-02	4.973212e-02
6.980543787299269e-09	1.151790e+00	5.731813e-02	4.976440e-02
6.987999301131945e-09	1.153020e+00	5.748748e-02	4.985819e-02
6.995301136535250e-09	1.154225e+00	5.760495e-02	4.990792e-02
7.004283227443244e-09	1.155707e+00	5.771032e-02	4.993509e-02
7.014283227443097e-09	1.157357e+00	5.780448e-02	4.994525e-02
7.024283227442949e-09	1.159007e+00	5.789167e-02	4.994939e-02
7.034283227442802e-09	1.160657e+00	5.797598e-02	4.995102e-02
7.044283227442654e-09	1.162307e+00	5.805927e-02	4.995176e-02
7.054283227442507e-09	1.163957e+00	5.814233e-02	4.995231e-02
7.064283227442359e-09	1.165607e+00	5.822535e-02	4.995282e-02
7.074283227442212e-09	1.167257e+00	5.830834e-02	4.995332e-02
7.104283227441769e-09	1.172207e+00	5.855726e-02	4.995472e-02
7.138568941726978e-09	1.177864e+00	5.884161e-02	4.995621e-02
7.172854656012187e-09	1.183521e+00	5.912589e-02	4.995761e-02
7.207140370297396e-09	1.189178e+00	5.941008e-02	4.995894e-02
7.241426084582604e-09	1.194835e+00	5.969420e-02	4.996019e-02
7.275711798867812e-09	1.200492e+00	5.997824e-02	4.996136e-02
7.309997513153021e-09	1.206150e+00	6.026220e-02	4.996246e-02
7.344283227438230e-09	1.211807e+00	6.054608e-02	4.996347e-02
7.388568941723291e-09	1.219114e+00	6.091267e-02	4.996471e-02
7.432854656008352e-09	1.226421e+00	6.127920e-02	4.996588e-02
7.477140370293413e-09	1.233728e+00	6.164567e-02	4.996698e-02
7.521426084578475e-09	1.241035e+00	6.201207e-02	4.996802e-02
7.565711798863535e-09	1.248342e+00	6.237841e-02	4.996899e-02
7.609997513148598e-09	1.255650e+00	6.274468e-02	4.996989e-02
7.654283227433658e-09	1.262957e+00	6.311087e-02	4.997073e-02
7.709997513147123e-09	1.272150e+00	6.357151e-02	4.997172e-02
7.765711798860586e-09	1.281342e+00	6.403209e-02	4.997266e-02
7.821426084574051e-09	1.290535e+00	6.449263e-02	4.997355e-02
7.877140370287514e-09	1.299728e+00	6.495311e-02	4.997438e-02
7.932854656000978e-09	1.308921e+00	6.541354e-02	4.997516e-02
7.988568941714443e-09	1.318114e+00	6.587391e-02	4.997589e-02
8.044283227427906e-09	1.327307e+00	6.633423e-02	4.997656e-02
8.114283227426874e-09	1.338857e+00	6.691253e-02	4.997736e-02
8.184283227425842e-09	1.350407e+00	6.749078e-02	4.997811e-02
8.254283227424809e-09	1.361957e+00	6.806900e-02	4.997883e-02
8.324283227423777e-09	1.373507e+00	6.864717e-02	4.997949e-02
8.394283227422744e-09	1.385057e+00	6.922530e-02	4.998012e-02
8.464283227421712e-09	1.396607e+00	6.980339e-02	4.998071e-02
8.534283227420680e-09	1.408157e+00	7.038143e-02	4.998125e-02
8.621426084562252e-09	1.422535e+00	7.110099e-02	4.998188e-02
8.708568941703823e-09	1.436914e+00	7.182052e-02	4.998248e-02
8.795711798845395e-09	1.451293e+00	7.254002e-02	4.998305e-02
8.882854655986968e-09	1.465671e+00	7.325949e-02	4.998358e-02
8.969997513128540e-09	1.480050e+00	7.397892e-02	4.998408e-02
9.057140370270111e-09	1.494428e+00	7.469831e-02	4.998455e-02
9.144283227411684e-09	1.508807e+00	7.541767e-02	4.998498e-02
9.254283227410061e-09	1.526957e+00	7.632568e-02	4.998549e-02
9.364283227408439e-09	1.545107e+00	7.723367e-02	4.998597e-02
9.474283227406817e-09	1.563257e+00	7.814163e-02	4.998643e-02
9.584283227405194e-09	1.581407e+00	7.904956e-02	4.998686e-02
9.694283227403572e-09	1.599557e+00	7.995747e-02	4.998726e-02
9.804283227401950e-09	1.617707e+00	8.086534e-02	4.998764e-02
9.914283227400328e-09	1.635857e+00	8.177319e-02	4.998799e-02
9.949997513114087e-09	1.641750e+00	8.206794e-02	4.998810e-02
9.985711798827845e-09	1.647642e+00	8.236269e-02	4.998821e-02
1.002142608454161e-08	1.653535e+00	8.265744e-02	4.998831e-02
1.005714037025536e-08	1.659428e+00	8.295219e-02	4.998842e-02
1.009285465596912e-08	1.665321e+00	8.324694e-02	4.998852e-02
1.012856894168288e-08	1.671214e+00	8.354168e-02	4.998862e-02
1.016428322739664e-08	1.677107e+00	8.383642e-02	4.998872e-02
1.017428322739649e-08	1.678757e+00	8.391895e-02	4.998875e-02
1.031999751310863e-08	1.702800e+00	8.512147e-02	4.998913e-02
1.046571179882077e-08	1.726842e+00	8.632398e-02	4.998949e-02
1.061142608453290e-08	1.750885e+00	8.752647e-02	4.998983e-02
1.075714037024504e-08	1.774928e+00	8.872893e-02	4.999015e-02
1.090285465595718e-08	1.798971e+00	8.993138e-02	4.999045e-02
1.104856894166931e-08	1.823014e+00	9.113380e-02	4.999073e-02
1.119428322738145e-08	1.847057e+00	9.233619e-02	4.999099e-02
1.137428322737880e-08	1.876757e+00	9.382149e-02	4.999129e-02
1.155428322737614e-08	1.906457e+00	9.530678e-02	4.999158e-02
1.173428322737349e-08	1.936157e+00	9.679205e-02	4.999185e-02
1.191428322737083e-08	1.965857e+00	9.827731e-02	4.999210e-02
1.209428322736818e-08	1.995557e+00	9.976255e-02	4.999234e-02
1.227428322736552e-08	2.025257e+00	1.012478e-01	4.999256e-02
1.245428322736287e-08	2.054957e+00	1.027330e-01	4.999277e-02
1.267285465593107e-08	2.091021e+00	1.045364e-01	4.999300e-02
1.289142608449928e-08	2.127085e+00	1.063399e-01	4.999323e-02
1.310999751306748e-08	2.163150e+00	1.081433e-01	4.999344e-02
1.332856894163569e-08	2.199214e+00	1.099467e-01	4.999364e-02
1.354714037020389e-08	2.235278e+00	1.117501e-01	4.999383e-02
1.376571179877210e-08	2.271342e+00	1.135535e-01	4.999400e-02
1.398428322734030e-08	2.307407e+00	1.153569e-01	4.999416e-02
1.424571179876502e-08	2.350542e+00	1.175138e-01	4.999435e-02
1.450714037018973e-08	2.393678e+00	1.196708e-01	4.999452e-02
1.476856894161445e-08	2.436814e+00	1.218278e-01	4.999469e-02
1.502999751303917e-08	2.479950e+00	1.239847e-01	4.999485e-02
1.529142608446388e-08	2.523085e+00	1.261416e-01	4.999499e-02
1.555285465588860e-08	2.566221e+00	1.282986e-01	4.999513e-02
1.581428322731331e-08	2.609357e+00	1.304555e-01	4.999526e-02
1.611856894159454e-08	2.659564e+00	1.329660e-01	4.999540e-02
1.642285465587577e-08	2.709771e+00	1.354765e-01	4.999554e-02
1.672714037015699e-08	2.759978e+00	1.379869e-01	4.999567e-02
1.703142608443822e-08	2.810185e+00	1.404974e-01	4.999579e-02
1.733571179871945e-08	2.860392e+00	1.430079e-01	4.999590e-02
1.763999751300067e-08	2.910600e+00	1.455184e-01	4.999601e-02
1.794428322728190e-08	2.960807e+00	1.480288e-01	4.999611e-02
1.823652848052734e-08	3.009027e+00	1.504399e-01	4.999620e-02
1.852877373377277e-08	3.057248e+00	1.528510e-01	4.999629e-02
1.882101898701821e-08	3.105468e+00	1.552622e-01	4.999638e-02
1.911326424026365e-08	3.153689e+00	1.576733e-01	4.999646e-02
1.940550949350908e-08	3.201909e+00	1.600844e-01	4.999654e-02
1.969775474675452e-08	3.250130e+00	1.624955e-01	4.999661e-02
1.998999999999996e-08	3.298350e+00	1.649066e-01	4.999668e-02
1.999999999999981e-08	3.300000e+00	1.649891e-01	4.999669e-02
2.000099999999962e-08	3.300000e+00	1.649891e-01	4.999670e-02
2.000299999999968e-08	3.300000e+00	1.649891e-01	4.999671e-02
2.000699999999979e-08	3.300000e+00	1.649891e-01	4.999670e-02
2.001499999999959e-08	3.300000e+00	1.649891e-01	4.999670e-02
2.002499999999944e-08	3.300000e+00	1.649891e-01	4.999670e-02
2.003499999999929e-08	3.300000e+00	1.649891e-01	4.999671e-02
2.004499999999914e-08	3.300000e+00	1.649891e-01	4.999671e-02
2.005499999999900e-08	3.300000e+00	1.649891e-01	4.999671e-02
2.006499999999885e-08	3.300000e+00	1.649891e-01	4.999671e-02
2.007499999999870e-08	3.300000e+00	1.649891e-01	4.999671e-02
2.008499999999855e-08	3.300000e+00	1.649891e-01	4.999671e-02
2.009499999999841e-08	3.300000e+00	1.649891e-01	4.999671e-02
2.010499999999826e-08	3.300000e+00	1.649891e-01	4.999671e-02
2.011499999999811e-08	3.300000e+00	1.649891e-01	4.999671e-02
2.012499999999797e-08	3.300000e+00	1.649891e-01	4.999671e-02
2.013499999999782e-08	3.300000e+00	1.649891e-01	4.999671e-02
2.014499999999767e-08	3.300000e+00	1.649891e-01	4.999671e-02
2.015499999999752e-08	3.300000e+00	1.649891e-01	4.999671e-02
2.016499999999738e-08	3.300000e+00	1.649891e-01	4.999671e-02
2.017499999999723e-08	3.300000e+00	1.649891e-01	4.999671e-02
2.018499999999708e-08	3.300000e+00	1.649891e-01	4.999671e-02
2.019499999999693e-08	3.300000e+00	1.649891e-01	4.999671e-02
2.020499999999679e-08	3.300000e+00	1.649891e-01	4.999671e-02
2.021499999999664e-08	3.300000e+00	1.649891e-01	4.999671e-02
2.022499999999649e-08	3.300000e+00	1.649891e-01	4.999671e-02
2.038499999999413e-08	3.300000e+00	1.649891e-01	4.999671e-02
3.062499999984311e-08	3.300000e+00	1.649891e-01	4.999671e-02
4.086499999969209e-08	3.300000e+00	1.649891e-01	4.999671e-02
5.110499999954107e-08	3.300000e+00	1.649891e-01	4.999671e-02
6.134499999939005e-08	3.300000e+00	1.649891e-01	4.999671e-02
7.158499999923904e-08	3.300000e+00	1.649891e-01	4.999671e-02
8.182499999908802e-08	3.300000e+00	1.649891e-01	4.999671e-02
9.206499999893700e-08	3.300000e+00	1.649891e-01	4.999671e-02
1.023049999987860e-07	3.300000e+00	1.649891e-01	4.999671e-02
1.125449999986350e-07	3.300000e+00	1.649891e-01	4.999671e-02
1.227849999984839e-07	3.300000e+00	1.649891e-01	4.999671e-02
1.330249999983329e-07	3.300000e+00	1.649891e-01	4.999671e-02
1.432649999981819e-07	3.300000e+00	1.649891e-01	4.999671e-02
1.535049999980309e-07	3.300000e+00	1.649891e-01	4.999671e-02
1.637449999978799e-07	3.300000e+00	1.649891e-01	4.999671e-02
1.739849999977288e-07	3.300000e+00	1.649891e-01	4.999671e-02
1.842249999975778e-07	3.300000e+00	1.649891e-01	4.999671e-02
1.944649999974268e-07	3.300000e+00	1.649891e-01	4.999671e-02
2.047049999972758e-07	3.300000e+00	1.649891e-01	4.999671e-02
2.149449999971248e-07	3.300000e+00	1.649891e-01	4.999671e-02
2.251849999969738e-07	3.300000e+00	1.649891e-01	4.999671e-02
2.354249999968227e-07	3.300000e+00	1.649891e-01	4.999671e-02
2.456649999966717e-07	3.300000e+00	1.649891e-01	4.999671e-02
2.559049999965207e-07	3.300000e+00	1.649891e-01	4.999671e-02
2.661449999963697e-07	3.300000e+00	1.649891e-01	4.999671e-02
2.763849999962187e-07	3.300000e+00	1.649891e-01	4.999671e-02
2.866249999960676e-07	3.300000e+00	1.649891e-01	4.999671e-02
2.968649999959166e-07	3.300000e+00	1.649891e-01	4.999671e-02
3.071049999957656e-07	3.300000e+00	1.649891e-01	4.999671e-02
3.173449999956146e-07	3.300000e+00	1.649891e-01	4.999671e-02
3.275849999954636e-07	3.300000e+00	1.649891e-01	4.999671e-02
3.378249999953125e-07	3.300000e+00	1.649891e-01	4.999671e-02
3.480649999951615e-07	3.300000e+00	1.649891e-01	4.999671e-02
3.583049999950105e-07	3.300000e+00	1.649891e-01	4.999671e-02
3.685449999948595e-07	3.300000e+00	1.649891e-01	4.999671e-02
3.787849999947085e-07	3.300000e+00	1.649891e-01	4.999671e-02
3.890249999945574e-07	3.300000e+00	1.649891e-01	4.999671e-02
3.992649999944064e-07	3.300000e+00	1.649891e-01	4.999671e-02
4.095049999942554e-07	3.300000e+00	1.649891e-01	4.999671e-02
4.197449999941044e-07	3.300000e+00	1.649891e-01	4.999671e-02
4.299849999939534e-07	3.300000e+00	1.649891e-01	4.999671e-02
4.402249999938024e-07	3.300000e+00	1.649891e-01	4.999671e-02
4.504649999936513e-07	3.300000e+00	1.649891e-01	4.999671e-02
4.607049999935003e-07	3.300000e+00	1.649891e-01	4.999671e-02
4.709449999933493e-07	3.300000e+00	1.649891e-01	4.999671e-02
4.811849999931983e-07	3.300000e+00	1.649891e-01	4.999671e-02
4.914249999930473e-07	3.300000e+00	1.649891e-01	4.999671e-02
5.016649999928962e-07	3.300000e+00	1.649891e-01	4.999671e-02
5.119049999927452e-07	3.300000e+00	1.649891e-01	4.999671e-02
5.221449999925942e-07	3.300000e+00	1.649891e-01	4.999671e-02
5.323849999924432e-07	3.300000e+00	1.649891e-01	4.999671e-02
5.426249999922922e-07	3.300000e+00	1.649891e-01	4.999671e-02
5.528649999921411e-07	3.300000e+00	1.649891e-01	4.999671e-02
5.631049999919901e-07	3.300000e+00	1.649891e-01	4.999671e-02
5.733449999918391e-07	3.300000e+00	1.649891e-01	4.999671e-02
5.835849999916881e-07	3.300000e+00	1.649891e-01	4.999671e-02
5.938249999915371e-07	3.300000e+00	1.649891e-01	4.999671e-02
6.040649999913860e-07	3.300000e+00	1.649891e-01	4.999671e-02
6.143049999912350e-07	3.300000e+00	1.649891e-01	4.999671e-02
6.245449999910840e-07	3.300000e+00	1.649891e-01	4.999671e-02
6.347849999909330e-07	3.300000e+00	1.649891e-01	4.999671e-02
6.450249999907820e-07	3.300000e+00	1.649891e-01	4.999671e-02
6.552649999906310e-07	3.300000e+00	1.649891e-01	4.999671e-02
6.655049999904799e-07	3.300000e+00	1.649891e-01	4.999671e-02
6.757449999903289e-07	3.300000e+00	1.649891e-01	4.999671e-02
6.859849999901779e-07	3.300000e+00	1.649891e-01	4.999671e-02
6.962249999900269e-07	3.300000e+00	1.649891e-01	4.999671e-02
7.064649999898759e-07	3.300000e+00	1.649891e-01	4.999671e-02
7.167049999897248e-07	3.300000e+00	1.649891e-01	4.999671e-02
7.269449999895738e-07	3.300000e+00	1.649891e-01	4.999671e-02
7.371849999894228e-07	3.300000e+00	1.649891e-01	4.999671e-02
7.474249999892718e-07	3.300000e+00	1.649891e-01	4.999671e-02
7.576649999891208e-07	3.300000e+00	1.649891e-01	4.999671e-02
7.679049999889697e-07	3.300000e+00	1.649891e-01	4.999671e-02
7.781449999888187e-07	3.300000e+00	1.649891e-01	4.999671e-02
7.883849999886677e-07	3.300000e+00	1.649891e-01	4.999671e-02
7.986249999885167e-07	3.300000e+00	1.649891e-01	4.999671e-02
8.088649999883657e-07	3.300000e+00	1.649891e-01	4.999671e-02
8.191049999882146e-07	3.300000e+00	1.649891e-01	4.999671e-02
8.293449999880636e-07	3.300000e+00	1.649891e-01	4.999671e-02
8.395849999879126e-07	3.300000e+00	1.649891e-01	4.999671e-02
8.498249999877616e-07	3.300000e+00	1.649891e-01	4.999671e-02
8.600649999876106e-07	3.300000e+00	1.649891e-01	4.999671e-02
8.703049999874596e-07	3.300000e+00	1.649891e-01	4.999671e-02
8.805449999873085e-07	3.300000e+00	1.649891e-01	4.999671e-02
8.907849999871575e-07	3.300000e+00	1.649891e-01	4.999671e-02
9.010249999870065e-07	3.300000e+00	1.649891e-01	4.999671e-02
9.112649999868555e-07	3.300000e+00	1.649891e-01	4.999671e-02
9.215049999867045e-07	3.300000e+00	1.649891e-01	4.999671e-02
9.317449999865534e-07	3.300000e+00	1.649891e-01	4.999671e-02
9.419849999864024e-07	3.300000e+00	1.649891e-01	4.999671e-02
9.522249999862514e-07	3.300000e+00	1.649891e-01	4.999671e-02
9.624649999861004e-07	3.300000e+00	1.649891e-01	4.999671e-02
9.727049999859494e-07	3.300000e+00	1.649891e-01	4.999671e-02
9.829449999857983e-07	3.300000e+00	1.649891e-01	4.999671e-02
9.931849999856473e-07	3.300000e+00	1.649891e-01	4.999671e-02
1.003424999985496e-06	3.300000e+00	1.649891e-01	4.999671e-02
1.013664999985345e-06	3.300000e+00	1.649891e-01	4.999671e-02
1.020000000000000e-06	3.300000e+00	1.649891e-01	4.999671e-02
1.020001000000000e-06	3.299835e+00	1.649809e-01	4.999673e-02
1.020003000000000e-06	3.299505e+00	1.649645e-01	4.999673e-02
1.020007000000000e-06	3.298845e+00	1.649315e-01	4.999673e-02
1.020015000000000e-06	3.297525e+00	1.648655e-01	4.999673e-02
1.020025000000000e-06	3.295875e+00	1.647830e-01	4.999672e-02
1.020034999999999e-06	3.294225e+00	1.647005e-01	4.999672e-02
1.020044999999999e-06	3.292575e+00	1.646179e-01	4.999672e-02
1.020054999999999e-06	3.290925e+00	1.645354e-01	4.999672e-02
1.020064999999999e-06	3.289275e+00	1.644529e-01	4.999672e-02
1.020074999999999e-06	3.287625e+00	1.643704e-01	4.999671e-02
1.020084999999999e-06	3.285975e+00	1.642879e-01	4.999671e-02
1.020094999999999e-06	3.284325e+00	1.642054e-01	4.999671e-02
1.020104999999998e-06	3.282675e+00	1.641229e-01	4.999670e-02
1.020114999999998e-06	3.281025e+00	1.640404e-01	4.999670e-02
1.020124999999998e-06	3.279375e+00	1.639579e-01	4.999670e-02
1.020134999999998e-06	3.277725e+00	1.638754e-01	4.999670e-02
1.020144999999998e-06	3.276075e+00	1.637929e-01	4.999669e-02
1.020154999999998e-06	3.274425e+00	1.637104e-01	4.999669e-02
1.020164999999998e-06	3.272775e+00	1.636279e-01	4.999669e-02
1.020174999999997e-06	3.271125e+00	1.635454e-01	4.999669e-02
1.020184999999997e-06	3.269475e+00	1.634629e-01	4.999669e-02
1.020259285714282e-06	3.257218e+00	1.628500e-01	4.999667e-02
1.020333571428566e-06	3.244961e+00	1.622372e-01	4.999665e-02
1.020407857142851e-06	3.232703e+00	1.616243e-01	4.999663e-02
1.020482142857136e-06	3.220446e+00	1.610114e-01	4.999661e-02
1.020556428571420e-06	3.208189e+00	1.603985e-01	4.999659e-02
1.020630714285705e-06	3.195932e+00	1.597857e-01	4.999657e-02
1.020704999999990e-06	3.183675e+00	1.591728e-01	4.999655e-02
1.021029285714271e-06	3.130168e+00	1.564973e-01	4.999647e-02
1.021353571428551e-06	3.076661e+00	1.538219e-01	4.999638e-02
1.021677857142832e-06	3.023154e+00	1.511464e-01	4.999628e-02
1.022002142857113e-06	2.969647e+00	1.484710e-01	4.999618e-02
1.022326428571394e-06	2.916139e+00	1.457955e-01	4.999607e-02
1.022650714285675e-06	2.862632e+00	1.431200e-01	4.999596e-02
1.022974999999956e-06	2.809125e+00	1.404446e-01	4.999584e-02
1.023102142857097e-06	2.788146e+00	1.393956e-01	4.999579e-02
1.023229285714238e-06	2.767168e+00	1.383466e-01	4.999574e-02
1.023356428571379e-06	2.746189e+00	1.372976e-01	4.999569e-02
1.023483571428520e-06	2.725211e+00	1.362486e-01	4.999564e-02
1.023610714285661e-06	2.704232e+00	1.351997e-01	4.999558e-02
1.023737857142802e-06	2.683254e+00	1.341507e-01	4.999553e-02
1.023864999999943e-06	2.662275e+00	1.331017e-01	4.999547e-02
1.023874999999943e-06	2.660625e+00	1.330192e-01	4.999547e-02
1.024143571428510e-06	2.616311e+00	1.308034e-01	4.999535e-02
1.024412142857078e-06	2.571997e+00	1.285875e-01	4.999522e-02
1.024680714285645e-06	2.527682e+00	1.263717e-01	4.999507e-02
1.024949285714213e-06	2.483368e+00	1.241558e-01	4.999493e-02
1.025217857142780e-06	2.439054e+00	1.219399e-01	4.999477e-02
1.025486428571348e-06	2.394739e+00	1.197240e-01	4.999460e-02
1.025754999999915e-06	2.350425e+00	1.175082e-01	4.999443e-02
1.025980714285626e-06	2.313182e+00	1.156459e-01	4.999427e-02
1.026206428571337e-06	2.275939e+00	1.137835e-01	4.999411e-02
1.026432142857048e-06	2.238696e+00	1.119212e-01	4.999393e-02
1.026657857142759e-06	2.201453e+00	1.100589e-01	4.999374e-02
1.026883571428470e-06	2.164211e+00	1.081965e-01	4.999354e-02
1.027109285714181e-06	2.126968e+00	1.063342e-01	4.999332e-02
1.027334999999892e-06	2.089725e+00	1.044718e-01	4.999309e-02
1.027520714285603e-06	2.059082e+00	1.029395e-01	4.999290e-02
1.027706428571315e-06	2.028439e+00	1.014071e-01	4.999269e-02
1.027892142857026e-06	1.997796e+00	9.987476e-02	4.999246e-02
1.028077857142738e-06	1.967154e+00	9.834237e-02	4.999222e-02
1.028263571428449e-06	1.936511e+00	9.680997e-02	4.999196e-02
1.028449285714161e-06	1.905868e+00	9.527755e-02	4.999169e-02
1.028634999999873e-06	1.875225e+00	9.374513e-02	4.999140e-02
1.028784999999870e-06	1.850475e+00	9.250739e-02	4.999116e-02
1.028934999999868e-06	1.825725e+00	9.126962e-02	4.999089e-02
1.029084999999866e-06	1.800975e+00	9.003184e-02	4.999061e-02
1.029234999999864e-06	1.776225e+00	8.879403e-02	4.999031e-02
1.029384999999862e-06	1.751475e+00	8.755620e-02	4.998998e-02
1.029534999999859e-06	1.726725e+00	8.631836e-02	4.998964e-02
1.029684999999857e-06	1.701975e+00	8.508050e-02	4.998928e-02
1.029806428571284e-06	1.681939e+00	8.407841e-02	4.998897e-02
1.029927857142711e-06	1.661904e+00	8.307629e-02	4.998864e-02
1.030049285714138e-06	1.641868e+00	8.207415e-02	4.998828e-02
1.030170714285564e-06	1.621832e+00	8.107198e-02	4.998790e-02
1.030292142856991e-06	1.601796e+00	8.006978e-02	4.998749e-02
1.030413571428418e-06	1.581761e+00	7.906757e-02	4.998706e-02
1.030534999999845e-06	1.561725e+00	7.806533e-02	4.998660e-02
1.030632142856986e-06	1.545696e+00	7.726352e-02	4.998622e-02
1.030729285714128e-06	1.529668e+00	7.646167e-02	4.998580e-02
1.030826428571269e-06	1.513639e+00	7.565979e-02	4.998535e-02
1.030923571428410e-06	1.497611e+00	7.485788e-02	4.998487e-02
1.031020714285552e-06	1.481582e+00	7.405594e-02	4.998436e-02
1.031117857142693e-06	1.465554e+00	7.325397e-02	4.998382e-02
1.031214999999835e-06	1.449525e+00	7.245198e-02	4.998326e-02
1.031293571428405e-06	1.436561e+00	7.180328e-02	4.998277e-02
1.031372142856975e-06	1.423596e+00	7.115454e-02	4.998224e-02
1.031450714285545e-06	1.410632e+00	7.050575e-02	4.998167e-02
1.031529285714116e-06	1.397668e+00	6.985693e-02	4.998107e-02
1.031607857142686e-06	1.384704e+00	6.920807e-02	4.998042e-02
1.031686428571256e-06	1.371739e+00	6.855917e-02	4.997974e-02
1.031764999999826e-06	1.358775e+00	6.791024e-02	4.997902e-02
1.031827857142683e-06	1.348404e+00	6.739106e-02	4.997840e-02
1.031890714285539e-06	1.338032e+00	6.687182e-02	4.997774e-02
1.031953571428395e-06	1.327661e+00	6.635253e-02	4.997703e-02
1.032016428571251e-06	1.317289e+00	6.583319e-02	4.997626e-02
1.032079285714108e-06	1.306918e+00	6.531381e-02	4.997545e-02
1.032142142856964e-06	1.296546e+00	6.479437e-02	4.997459e-02
1.032204999999820e-06	1.286175e+00	6.427490e-02	4.997368e-02
1.032254999999819e-06	1.277925e+00	6.386163e-02	4.997291e-02
1.032304999999819e-06	1.269675e+00	6.344830e-02	4.997208e-02
1.032354999999818e-06	1.261425e+00	6.303490e-02	4.997119e-02
1.032404999999817e-06	1.253175e+00	6.262145e-02	4.997023e-02
1.032454999999816e-06	1.244925e+00	6.220793e-02	4.996922e-02
1.032504999999816e-06	1.236675e+00	6.179435e-02	4.996814e-02
1.032554999999815e-06	1.228425e+00	6.138071e-02	4.996700e-02
1.032593571428386e-06	1.222061e+00	6.106157e-02	4.996606e-02
1.032632142856957e-06	1.215696e+00	6.074235e-02	4.996506e-02
1.032670714285527e-06	1.209332e+00	6.042305e-02	4.996398e-02
1.032709285714098e-06	1.202968e+00	6.010368e-02	4.996283e-02
1.032747857142669e-06	1.196604e+00	5.978424e-02	4.996161e-02
1.032786428571240e-06	1.190239e+00	5.946473e-02	4.996032e-02
1.032824999999811e-06	1.183875e+00	5.914515e-02	4.995895e-02
1.032856428571239e-06	1.178689e+00	5.888469e-02	4.995777e-02
1.032887857142667e-06	1.173504e+00	5.862413e-02	4.995650e-02
1.032919285714095e-06	1.168318e+00	5.836348e-02	4.995514e-02
1.032950714285523e-06	1.163132e+00	5.810273e-02	4.995368e-02
1.032982142856951e-06	1.157946e+00	5.784189e-02	4.995213e-02
1.033013571428379e-06	1.152761e+00	5.758096e-02	4.995049e-02
1.033044999999808e-06	1.147575e+00	5.731994e-02	4.994875e-02
1.033069285714093e-06	1.143568e+00	5.711816e-02	4.994733e-02
1.033093571428378e-06	1.139561e+00	5.691627e-02	4.994580e-02
1.033117857142664e-06	1.135554e+00	5.671427e-02	4.994416e-02
1.033142142856949e-06	1.131546e+00	5.651216e-02	4.994241e-02
1.033166428571234e-06	1.127539e+00	5.630994e-02	4.994056e-02
1.033190714285520e-06	1.123532e+00	5.610762e-02	4.993860e-02
1.033214999999805e-06	1.119525e+00	5.590519e-02	4.993653e-02
1.033244999999805e-06	1.114575e+00	5.565490e-02	4.993374e-02
1.033274999999804e-06	1.109625e+00	5.540434e-02	4.993069e-02
1.033304999999804e-06	1.104675e+00	5.515348e-02	4.992734e-02
1.033334999999803e-06	1.099725e+00	5.490228e-02	4.992364e-02
1.033364999999803e-06	1.094775e+00	5.465066e-02	4.991954e-02
1.033394999999802e-06	1.089825e+00	5.439858e-02	4.991497e-02
1.033424999999802e-06	1.084875e+00	5.414593e-02	4.990984e-02
1.033444999999802e-06	1.081575e+00	5.397715e-02	4.990606e-02
1.033464999999801e-06	1.078275e+00	5.380815e-02	4.990206e-02
1.033510714285515e-06	1.070732e+00	5.342167e-02	4.989266e-02
1.033556428571229e-06	1.063189e+00	5.303397e-02	4.988196e-02
1.033602142856942e-06	1.055646e+00	5.264506e-02	4.986998e-02
1.033647857142656e-06	1.048104e+00	5.225498e-02	4.985670e-02
1.033693571428369e-06	1.040561e+00	5.186376e-02	4.984213e-02
1.033739285714083e-06	1.033018e+00	5.147143e-02	4.982627e-02
1.033784999999797e-06	1.025475e+00	5.107801e-02	4.980912e-02
1.033820714285510e-06	1.019582e+00	5.076958e-02	4.979449e-02
1.033856428571224e-06	1.013689e+00	5.045974e-02	4.977831e-02
1.033892142856938e-06	1.007796e+00	5.014852e-02	4.976057e-02
1.033927857142652e-06	1.001904e+00	4.983595e-02	4.974126e-02
1.033963571428365e-06	9.960107e-01	4.952206e-02	4.972040e-02
1.033999285714079e-06	9.901179e-01	4.920686e-02	4.969798e-02
1.034034999999793e-06	9.842250e-01	4.889040e-02	4.967400e-02
1.034044999999793e-06	9.825750e-01	4.880138e-02	4.966682e-02
1.034054999999793e-06	9.809250e-01	4.871220e-02	4.965946e-02
1.034064999999793e-06	9.792750e-01	4.862287e-02	4.965191e-02
1.034074999999792e-06	9.776250e-01	4.853338e-02	4.964417e-02
1.034084999999792e-06	9.759750e-01	4.844374e-02	4.963625e-02
1.034094999999792e-06	9.743250e-01	4.835394e-02	4.962814e-02
1.034104999999792e-06	9.726750e-01	4.826399e-02	4.961985e-02
1.034114999999792e-06	9.710250e-01	4.817385e-02	4.961134e-02
1.034143571428363e-06	9.663107e-01	4.791583e-02	4.958636e-02
1.034172142856934e-06	9.615964e-01	4.765577e-02	4.955901e-02
1.034200714285505e-06	9.568821e-01	4.739372e-02	4.952932e-02
1.034229285714076e-06	9.521679e-01	4.712970e-02	4.949726e-02
1.034257857142647e-06	9.474536e-01	4.686376e-02	4.946286e-02
1.034286428571218e-06	9.427393e-01	4.659592e-02	4.942609e-02
1.034314999999789e-06	9.380250e-01	4.632621e-02	4.938697e-02
1.034333571428360e-06	9.349607e-01	4.614941e-02	4.935973e-02
1.034352142856931e-06	9.318964e-01	4.597115e-02	4.933075e-02
1.034370714285502e-06	9.288321e-01	4.579143e-02	4.930001e-02
1.034389285714074e-06	9.257678e-01	4.561028e-02	4.926752e-02
1.034407857142645e-06	9.227036e-01	4.542772e-02	4.923328e-02
1.034426428571216e-06	9.196393e-01	4.524376e-02	4.919728e-02
1.034444999999787e-06	9.165750e-01	4.505841e-02	4.915954e-02
1.034487857142643e-06	9.095036e-01	4.462288e-02	4.906289e-02
1.034530714285500e-06	9.024322e-01	4.418119e-02	4.895791e-02
1.034573571428356e-06	8.953607e-01	4.373352e-02	4.884458e-02
1.034616428571213e-06	8.882893e-01	4.328005e-02	4.872292e-02
1.034659285714070e-06	8.812179e-01	4.282095e-02	4.859292e-02
1.034702142856926e-06	8.741465e-01	4.235639e-02	4.845458e-02
1.034744999999783e-06	8.670750e-01	4.188657e-02	4.830790e-02
1.034782142856925e-06	8.609464e-01	4.147700e-02	4.817605e-02
1.034819285714067e-06	8.548179e-01	4.106554e-02	4.804011e-02
1.034856428571210e-06	8.486893e-01	4.065229e-02	4.790008e-02
1.034893571428352e-06	8.425607e-01	4.023730e-02	4.775597e-02
1.034930714285494e-06	8.364321e-01	3.982066e-02	4.760776e-02
1.034967857142636e-06	8.303036e-01	3.940245e-02	4.745547e-02
1.035004999999779e-06	8.241750e-01	3.898273e-02	4.729909e-02
1.035036428571207e-06	8.189893e-01	3.862709e-02	4.716434e-02
1.035067857142635e-06	8.138036e-01	3.827117e-02	4.702753e-02
1.035099285714063e-06	8.086179e-01	3.791499e-02	4.688864e-02
1.035130714285491e-06	8.034322e-01	3.755858e-02	4.674767e-02
1.035162142856919e-06	7.982465e-01	3.720199e-02	4.660464e-02
1.035193571428347e-06	7.930607e-01	3.684523e-02	4.645953e-02
1.035224999999775e-06	7.878750e-01	3.648834e-02	4.631235e-02
1.035254999999775e-06	7.829250e-01	3.614798e-02	4.617042e-02
1.035284999999775e-06	7.779750e-01	3.580781e-02	4.602694e-02
1.035304999999774e-06	7.746750e-01	3.558118e-02	4.593046e-02
1.035324999999774e-06	7.713750e-01	3.535469e-02	4.583334e-02
1.035334999999774e-06	7.697250e-01	3.524151e-02	4.578455e-02
1.035344999999774e-06	7.680750e-01	3.512837e-02	4.573560e-02
1.035354999999774e-06	7.664250e-01	3.501528e-02	4.568650e-02
1.035364999999773e-06	7.647750e-01	3.490223e-02	4.563725e-02
1.035374999999773e-06	7.631250e-01	3.478923e-02	4.558785e-02
1.035384999999773e-06	7.614750e-01	3.467629e-02	4.553831e-02
1.035394999999773e-06	7.598250e-01	3.456340e-02	4.548863e-02
1.035414999999773e-06	7.565250e-01	3.433779e-02	4.538884e-02
1.035434999999772e-06	7.532250e-01	3.411243e-02	4.528850e-02
1.035464999999772e-06	7.482750e-01	3.377488e-02	4.513700e-02
1.035494999999771e-06	7.433250e-01	3.343799e-02	4.498434e-02
1.035533571428342e-06	7.369607e-01	3.300571e-02	4.478625e-02
1.035572142856913e-06	7.305964e-01	3.257485e-02	4.458665e-02
1.035610714285484e-06	7.242322e-01	3.214544e-02	4.438555e-02
1.035649285714055e-06	7.178679e-01	3.171752e-02	4.418294e-02
1.035687857142626e-06	7.115036e-01	3.129110e-02	4.397884e-02
1.035726428571197e-06	7.051393e-01	3.086622e-02	4.377323e-02
1.035764999999767e-06	6.987750e-01	3.044291e-02	4.356612e-02
1.035830714285481e-06	6.879321e-01	2.972560e-02	4.321008e-02
1.035896428571194e-06	6.770893e-01	2.901434e-02	4.285158e-02
1.035962142856907e-06	6.662464e-01	2.830923e-02	4.249062e-02
1.036027857142621e-06	6.554036e-01	2.761032e-02	4.212721e-02
1.036093571428334e-06	6.445607e-01	2.691771e-02	4.176133e-02
1.036159285714047e-06	6.337178e-01	2.623148e-02	4.139300e-02
1.036224999999761e-06	6.228750e-01	2.555171e-02	4.102221e-02
1.036324999999759e-06	6.063750e-01	2.453075e-02	4.045475e-02
1.036424999999758e-06	5.898750e-01	2.352787e-02	3.988619e-02
1.036524999999756e-06	5.733750e-01	2.254311e-02	3.931652e-02
1.036624999999755e-06	5.568750e-01	2.157654e-02	3.874575e-02
1.036724999999753e-06	5.403750e-01	2.062821e-02	3.817387e-02
1.036824999999752e-06	5.238750e-01	1.969817e-02	3.760089e-02
1.036924999999750e-06	5.073750e-01	1.878647e-02	3.702680e-02
1.037123571428319e-06	4.746107e-01	1.703205e-02	3.588635e-02
1.037322142856887e-06	4.418464e-01	1.535796e-02	3.475858e-02
1.037520714285456e-06	4.090821e-01	1.376295e-02	3.364350e-02
1.037719285714024e-06	3.763178e-01	1.224579e-02	3.254109e-02
1.037917857142593e-06	3.435536e-01	1.080523e-02	3.145136e-02
1.038116428571161e-06	3.107893e-01	9.440014e-03	3.037432e-02
1.038314999999730e-06	2.780250e-01	8.148902e-03	2.930996e-02
1.038555714285483e-06	2.383071e-01	6.684247e-03	2.804888e-02
1.038796428571235e-06	1.985893e-01	5.326603e-03	2.682221e-02
1.039037142856988e-06	1.588714e-01	4.071868e-03	2.562996e-02
1.039277857142741e-06	1.191536e-01	2.915941e-03	2.447212e-02
1.039518571428494e-06	7.943571e-02	1.854721e-03	2.334871e-02
1.039759285714247e-06	3.971786e-02	8.841082e-04	2.225971e-02
1.040000000000000e-06	3.153033e-14	6.686050e-16	2.120514e-02
1.040001000000000e-06	0.000000e+00	0.000000e+00	2.120078e-02
1.040003000000000e-06	0.000000e+00	0.000000e+00	2.119206e-02
1.040464714285707e-06	0.000000e+00	0.000000e+00	1.925986e-02
1.040926428571415e-06	0.000000e+00	0.000000e+00	1.745699e-02
1.041388142857122e-06	0.000000e+00	0.000000e+00	1.578343e-02
1.041849857142830e-06	0.000000e+00	0.000000e+00	1.423920e-02
1.042311571428537e-06	0.000000e+00	0.000000e+00	1.282428e-02
1.042773285714245e-06	0.000000e+00	0.000000e+00	1.153869e-02
1.043234999999952e-06	0.000000e+00	0.000000e+00	1.038241e-02
1.043389285714236e-06	0.000000e+00	0.000000e+00	1.001645e-02
1.043543571428519e-06	0.000000e+00	0.000000e+00	9.661490e-03
1.043697857142802e-06	0.000000e+00	0.000000e+00	9.317526e-03
1.043852142857086e-06	0.000000e+00	0.000000e+00	8.984561e-03
1.044006428571369e-06	0.000000e+00	0.000000e+00	8.662595e-03
1.044160714285653e-06	0.000000e+00	0.000000e+00	8.351628e-03
1.044314999999936e-06	0.000000e+00	0.000000e+00	8.051660e-03
1.044324999999936e-06	0.000000e+00	0.000000e+00	8.032520e-03
1.044726428571359e-06	0.000000e+00	0.000000e+00	7.308873e-03
1.045127857142781e-06	0.000000e+00	0.000000e+00	6.637220e-03
1.045529285714204e-06	0.000000e+00	0.000000e+00	6.017560e-03
1.045930714285627e-06	0.000000e+00	0.000000e+00	5.449895e-03
1.046332142857049e-06	0.000000e+00	0.000000e+00	4.934223e-03
1.046733571428472e-06	0.000000e+00	0.000000e+00	4.470545e-03
1.047134999999895e-06	0.000000e+00	0.000000e+00	4.058860e-03
1.047512142857032e-06	0.000000e+00	0.000000e+00	3.703201e-03
1.047889285714169e-06	0.000000e+00	0.000000e+00	3.372939e-03
1.048266428571307e-06	0.000000e+00	0.000000e+00	3.068073e-03
1.048643571428444e-06	0.000000e+00	0.000000e+00	2.788602e-03
1.049020714285581e-06	0.000000e+00	0.000000e+00	2.534528e-03
1.049397857142718e-06	0.000000e+00	0.000000e+00	2.305850e-03
1.049774999999856e-06	0.000000e+00	0.000000e+00	2.102569e-03
1.050142142856993e-06	0.000000e+00	0.000000e+00	1.920319e-03
1.050509285714131e-06	0.000000e+00	0.000000e+00	1.751067e-03
1.050876428571268e-06	0.000000e+00	0.000000e+00	1.594812e-03
1.051243571428405e-06	0.000000e+00	0.000000e+00	1.451555e-03
1.051610714285543e-06	0.000000e+00	0.000000e+00	1.321296e-03
1.051977857142680e-06	0.000000e+00	0.000000e+00	1.204034e-03
1.052344999999818e-06	0.000000e+00	0.000000e+00	1.099769e-03
1.052660714285527e-06	0.000000e+00	0.000000e+00	1.016365e-03
1.052976428571237e-06	0.000000e+00	0.000000e+00	9.382940e-04
1.053292142856947e-06	0.000000e+00	0.000000e+00	8.655548e-04
1.053607857142656e-06	0.000000e+00	0.000000e+00	7.981479e-04
1.053923571428366e-06	0.000000e+00	0.000000e+00	7.360733e-04
1.054239285714076e-06	0.000000e+00	0.000000e+00	6.793309e-04
1.054554999999785e-06	0.000000e+00	0.000000e+00	6.279208e-04
1.054564999999785e-06	0.000000e+00	0.000000e+00	6.263279e-04
1.054926428571208e-06	0.000000e+00	0.000000e+00	5.722898e-04
1.055287857142631e-06	0.000000e+00	0.000000e+00	5.221137e-04
1.055649285714055e-06	0.000000e+00	0.000000e+00	4.757997e-04
1.056010714285478e-06	0.000000e+00	0.000000e+00	4.333477e-04
1.056372142856901e-06	0.000000e+00	0.000000e+00	3.947578e-04
1.056733571428324e-06	0.000000e+00	0.000000e+00	3.600300e-04
1.057094999999748e-06	0.000000e+00	0.000000e+00	3.291641e-04
1.057454999999742e-06	0.000000e+00	0.000000e+00	3.008285e-04
1.057814999999737e-06	0.000000e+00	0.000000e+00	2.745175e-04
1.058174999999732e-06	0.000000e+00	0.000000e+00	2.502312e-04
1.058534999999726e-06	0.000000e+00	0.000000e+00	2.279694e-04
1.058894999999721e-06	0.000000e+00	0.000000e+00	2.077323e-04
1.059254999999716e-06	0.000000e+00	0.000000e+00	1.895198e-04
1.059614999999711e-06	0.000000e+00	0.000000e+00	1.733318e-04
1.059973571428277e-06	0.000000e+00	0.000000e+00	1.584679e-04
1.060332142856843e-06	0.000000e+00	0.000000e+00	1.446643e-04
1.060690714285409e-06	0.000000e+00	0.000000e+00	1.319210e-04
1.061049285713975e-06	0.000000e+00	0.000000e+00	1.202381e-04
1.061407857142541e-06	0.000000e+00	0.000000e+00	1.096155e-04
1.061766428571107e-06	0.000000e+00	0.000000e+00	1.000532e-04
1.062124999999673e-06	0.000000e+00	0.000000e+00	9.155134e-05
1.062483571428240e-06	0.000000e+00	0.000000e+00	8.371422e-05
1.062842142856806e-06	0.000000e+00	0.000000e+00	7.643660e-05
1.063200714285372e-06	0.000000e+00	0.000000e+00	6.971849e-05
1.063559285713938e-06	0.000000e+00	0.000000e+00	6.355988e-05
1.063917857142504e-06	0.000000e+00	0.000000e+00	5.796078e-05
1.064276428571070e-06	0.000000e+00	0.000000e+00	5.292118e-05
1.064634999999636e-06	0.000000e+00	0.000000e+00	4.844108e-05
1.064804999999634e-06	0.000000e+00	0.000000e+00	4.640195e-05
1.065164999999629e-06	0.000000e+00	0.000000e+00	4.243305e-05
1.065524999999623e-06	0.000000e+00	0.000000e+00	3.874848e-05
1.065884999999618e-06	0.000000e+00	0.000000e+00	3.534825e-05
1.066244999999613e-06	0.000000e+00	0.000000e+00	3.223236e-05
1.066604999999607e-06	0.000000e+00	0.000000e+00	2.940082e-05
1.066964999999602e-06	0.000000e+00	0.000000e+00	2.685361e-05
1.067324999999597e-06	0.000000e+00	0.000000e+00	2.459075e-05
1.067686428571020e-06	0.000000e+00	0.000000e+00	2.249770e-05
1.068047857142443e-06	0.000000e+00	0.000000e+00	2.055509e-05
1.068409285713867e-06	0.000000e+00	0.000000e+00	1.876292e-05
1.068770714285290e-06	0.000000e+00	0.000000e+00	1.712119e-05
1.069132142856713e-06	0.000000e+00	0.000000e+00	1.562991e-05
1.069493571428136e-06	0.000000e+00	0.000000e+00	1.428906e-05
1.069854999999559e-06	0.000000e+00	0.000000e+00	1.309866e-05
1.070219285713840e-06	0.000000e+00	0.000000e+00	1.199386e-05
1.070583571428120e-06	0.000000e+00	0.000000e+00	1.096897e-05
1.070947857142400e-06	0.000000e+00	0.000000e+00	1.002399e-05
1.071312142856681e-06	0.000000e+00	0.000000e+00	9.158900e-06
1.071676428570961e-06	0.000000e+00	0.000000e+00	8.373715e-06
1.072040714285241e-06	0.000000e+00	0.000000e+00	7.668431e-06
1.072404999999522e-06	0.000000e+00	0.000000e+00	7.043048e-06
1.072774999999516e-06	0.000000e+00	0.000000e+00	6.458794e-06
1.073144999999511e-06	0.000000e+00	0.000000e+00	5.917305e-06
1.073514999999506e-06	0.000000e+00	0.000000e+00	5.418584e-06
1.073884999999500e-06	0.000000e+00	0.000000e+00	4.962629e-06
1.074254999999495e-06	0.000000e+00	0.000000e+00	4.549441e-06
1.074624999999489e-06	0.000000e+00	0.000000e+00	4.179019e-06
1.074994999999484e-06	0.000000e+00	0.000000e+00	3.851364e-06
1.075044999999483e-06	0.000000e+00	0.000000e+00	3.808179e-06
1.075424999999477e-06	0.000000e+00	0.000000e+00	3.503149e-06
1.075804999999472e-06	0.000000e+00	0.000000e+00	3.220908e-06
1.076184999999466e-06	0.000000e+00	0.000000e+00	2.961456e-06
1.076564999999461e-06	0.000000e+00	0.000000e+00	2.724793e-06
1.076944999999455e-06	0.000000e+00	0.000000e+00	2.510920e-06
1.077324999999449e-06	0.000000e+00	0.000000e+00	2.319835e-06
1.077704999999444e-06	0.000000e+00	0.000000e+00	2.151540e-06
1.078106428570866e-06	0.000000e+00	0.000000e+00	1.988978e-06
1.078507857142289e-06	0.000000e+00	0.000000e+00	1.839078e-06
1.078909285713712e-06	0.000000e+00	0.000000e+00	1.701838e-06
1.079310714285134e-06	0.000000e+00	0.000000e+00	1.577259e-06
1.079712142856557e-06	0.000000e+00	0.000000e+00	1.465341e-06
1.080113571427980e-06	0.000000e+00	0.000000e+00	1.366084e-06
1.080514999999402e-06	0.000000e+00	0.000000e+00	1.279487e-06
1.080956428570824e-06	0.000000e+00	0.000000e+00	1.193058e-06
1.081397857142246e-06	0.000000e+00	0.000000e+00	1.113852e-06
1.081839285713669e-06	0.000000e+00	0.000000e+00	1.041870e-06
1.082280714285090e-06	0.000000e+00	0.000000e+00	9.771112e-07
1.082722142856513e-06	0.000000e+00	0.000000e+00	9.195761e-07
1.083163571427935e-06	0.000000e+00	0.000000e+00	8.692647e-07
1.083604999999357e-06	0.000000e+00	0.000000e+00	8.261769e-07
1.083843571427925e-06	0.000000e+00	0.000000e+00	8.040584e-07
1.084082142856493e-06	0.000000e+00	0.000000e+00	7.830766e-07
1.084320714285060e-06	0.000000e+00	0.000000e+00	7.632315e-07
1.084559285713628e-06	0.000000e+00	0.000000e+00	7.445231e-07
1.084797857142196e-06	0.000000e+00	0.000000e+00	7.269513e-07
1.085036428570764e-06	0.000000e+00	0.000000e+00	7.105162e-07
1.085274999999332e-06	0.000000e+00	0.000000e+00	6.952178e-07
1.085284999999332e-06	0.000000e+00	0.000000e+00	6.945898e-07
1.085872142856466e-06	0.000000e+00	0.000000e+00	6.617314e-07
1.086459285713600e-06	0.000000e+00	0.000000e+00	6.322271e-07
1.087046428570735e-06	0.000000e+00	0.000000e+00	6.060769e-07
1.087633571427869e-06	0.000000e+00	0.000000e+00	5.832808e-07
1.088220714285003e-06	0.000000e+00	0.000000e+00	5.638389e-07
1.088807857142137e-06	0.000000e+00	0.000000e+00	5.477510e-07
1.089394999999271e-06	0.000000e+00	0.000000e+00	5.350173e-07
1.090232142856402e-06	0.000000e+00	0.000000e+00	5.196138e-07
1.091069285713532e-06	0.000000e+00	0.000000e+00	5.061700e-07
1.091906428570663e-06	0.000000e+00	0.000000e+00	4.946860e-07
1.092743571427793e-06	0.000000e+00	0.000000e+00	4.851618e-07
1.093580714284924e-06	0.000000e+00	0.000000e+00	4.775973e-07
1.094417857142054e-06	0.000000e+00	0.000000e+00	4.719925e-07
1.095254999999185e-06	0.000000e+00	0.000000e+00	4.683475e-07
1.095524999999181e-06	0.000000e+00	0.000000e+00	4.670665e-07
1.096986428570588e-06	0.000000e+00	0.000000e+00	4.623108e-07
1.098447857141995e-06	0.000000e+00	0.000000e+00	4.583488e-07
1.099909285713402e-06	0.000000e+00	0.000000e+00	4.551805e-07
1.101370714284809e-06	0.000000e+00	0.000000e+00	4.528059e-07
1.102832142856216e-06	0.000000e+00	0.000000e+00	4.512250e-07
1.104293571427623e-06	0.000000e+00	0.000000e+00	4.504377e-07
1.105754999999030e-06	0.000000e+00	0.000000e+00	4.504442e-07
1.105764999999030e-06	0.000000e+00	0.000000e+00	4.504408e-07
1.116004999998879e-06	0.000000e+00	0.000000e+00	4.492260e-07
1.126244999998728e-06	0.000000e+00	0.000000e+00	4.491372e-07
1.136484999998577e-06	0.000000e+00	0.000000e+00	4.491307e-07
1.146724999998426e-06	0.000000e+00	0.000000e+00	4.491302e-07
1.156964999998275e-06	0.000000e+00	0.000000e+00	4.491302e-07
1.167204999998124e-06	0.000000e+00	0.000000e+00	4.491302e-07
1.177444999997973e-06	0.000000e+00	0.000000e+00	4.491302e-07
1.187684999997822e-06	0.000000e+00	0.000000e+00	4.491302e-07
1.197924999997671e-06	0.000000e+00	0.000000e+00	4.491302e-07
1.208164999997520e-06	0.000000e+00	0.000000e+00	4.491302e-07
1.218404999997369e-06	0.000000e+00	0.000000e+00	4.491302e-07
1.228644999997218e-06	0.000000e+00	0.000000e+00	4.491302e-07
1.238884999997067e-06	0.000000e+00	0.000000e+00	4.491302e-07
1.249124999996916e-06	0.000000e+00	0.000000e+00	4.491302e-07
1.259364999996765e-06	0.000000e+00	0.000000e+00	4.491302e-07
1.269604999996614e-06	0.000000e+00	0.000000e+00	4.491302e-07
1.279844999996463e-06	0.000000e+00	0.000000e+00	4.491302e-07
1.290084999996312e-06	0.000000e+00	0.000000e+00	4.491302e-07
1.300324999996161e-06	0.000000e+00	0.000000e+00	4.491302e-07
1.310564999996010e-06	0.000000e+00	0.000000e+00	4.491302e-07
1.320804999995858e-06	0.000000e+00	0.000000e+00	4.491302e-07
1.331044999995707e-06	0.000000e+00	0.000000e+00	4.491302e-07
1.341284999995556e-06	0.000000e+00	0.000000e+00	4.491302e-07
1.351524999995405e-06	0.000000e+00	0.000000e+00	4.491302e-07
1.361764999995254e-06	0.000000e+00	0.000000e+00	4.491302e-07
1.372004999995103e-06	0.000000e+00	0.000000e+00	4.491302e-07
1.382244999994952e-06	0.000000e+00	0.000000e+00	4.491302e-07
1.392484999994801e-06	0.000000e+00	0.000000e+00	4.491302e-07
1.402724999994650e-06	0.000000e+00	0.000000e+00	4.491302e-07
1.412964999994499e-06	0.000000e+00	0.000000e+00	4.491302e-07
1.423204999994348e-06	0.000000e+00	0.000000e+00	4.491302e-07
1.433444999994197e-06	0.000000e+00	0.000000e+00	4.491302e-07
1.443684999994046e-06	0.000000e+00	0.000000e+00	4.491302e-07
1.453924999993895e-06	0.000000e+00	0.000000e+00	4.491302e-07
1.464164999993744e-06	0.000000e+00	0.000000e+00	4.491302e-07
1.474404999993593e-06	0.000000e+00	0.000000e+00	4.491302e-07
1.484644999993442e-06	0.000000e+00	0.000000e+00	4.491302e-07
1.494884999993291e-06	0.000000e+00	0.000000e+00	4.491302e-07
1.505124999993140e-06	0.000000e+00	0.000000e+00	4.491302e-07
1.515364999992989e-06	0.000000e+00	0.000000e+00	4.491302e-07
1.525604999992838e-06	0.000000e+00	0.000000e+00	4.491302e-07
1.535844999992687e-06	0.000000e+00	0.000000e+00	4.491302e-07
1.546084999992536e-06	0.000000e+00	0.000000e+00	4.491302e-07
1.556324999992385e-06	0.000000e+00	0.000000e+00	4.491302e-07
1.566564999992234e-06	0.000000e+00	0.000000e+00	4.491302e-07
1.576804999992083e-06	0.000000e+00	0.000000e+00	4.491302e-07
1.587044999991932e-06	0.000000e+00	0.000000e+00	4.491302e-07
1.597284999991781e-06	0.000000e+00	0.000000e+00	4.491302e-07
1.607524999991630e-06	0.000000e+00	0.000000e+00	4.491302e-07
1.617764999991479e-06	0.000000e+00	0.000000e+00	4.491302e-07
1.628004999991328e-06	0.000000e+00	0.000000e+00	4.491302e-07
1.638244999991177e-06	0.000000e+00	0.000000e+00	4.491302e-07
1.648484999991026e-06	0.000000e+00	0.000000e+00	4.491302e-07
1.658724999990875e-06	0.000000e+00	0.000000e+00	4.491302e-07
1.668964999990724e-06	0.000000e+00	0.000000e+00	4.491302e-07
1.679204999990573e-06	0.000000e+00	0.000000e+00	4.491302e-07
1.689444999990422e-06	0.000000e+00	0.000000e+00	4.491302e-07
1.699684999990271e-06	0.000000e+00	0.000000e+00	4.491302e-07
1.709924999990120e-06	0.000000e+00	0.000000e+00	4.491302e-07
1.720164999989969e-06	0.000000e+00	0.000000e+00	4.491302e-07
1.730404999989818e-06	0.000000e+00	0.000000e+00	4.491302e-07
1.740644999989667e-06	0.000000e+00	0.000000e+00	4.491302e-07
1.750884999989516e-06	0.000000e+00	0.000000e+00	4.491302e-07
1.761124999989365e-06	0.000000e+00	0.000000e+00	4.491302e-07
1.771364999989214e-06	0.000000e+00	0.000000e+00	4.491302e-07
1.781604999989063e-06	0.000000e+00	0.000000e+00	4.491302e-07
1.791844999988912e-06	0.000000e+00	0.000000e+00	4.491302e-07
1.802084999988761e-06	0.000000e+00	0.000000e+00	4.491302e-07
1.812324999988610e-06	0.000000e+00	0.000000e+00	4.491302e-07
1.822564999988459e-06	0.000000e+00	0.000000e+00	4.491302e-07
1.832804999988308e-06	0.000000e+00	0.000000e+00	4.491302e-07
1.843044999988157e-06	0.000000e+00	0.000000e+00	4.491302e-07
1.853284999988006e-06	0.000000e+00	0.000000e+00	4.491302e-07
1.863524999987855e-06	0.000000e+00	0.000000e+00	4.491302e-07
1.873764999987704e-06	0.000000e+00	0.000000e+00	4.491302e-07
1.884004999987553e-06	0.000000e+00	0.000000e+00	4.491302e-07
1.894244999987402e-06	0.000000e+00	0.000000e+00	4.491302e-07
1.904484999987251e-06	0.000000e+00	0.000000e+00	4.491302e-07
1.914724999987100e-06	0.000000e+00	0.000000e+00	4.491302e-07
1.924964999986949e-06	0.000000e+00	0.000000e+00	4.491302e-07
1.935204999986798e-06	0.000000e+00	0.000000e+00	4.491302e-07
1.945444999986647e-06	0.000000e+00	0.000000e+00	4.491302e-07
1.955684999986496e-06	0.000000e+00	0.000000e+00	4.491302e-07
1.965924999986345e-06	0.000000e+00	0.000000e+00	4.491302e-07
1.976164999986194e-06	0.000000e+00	0.000000e+00	4.491302e-07
1.986404999986043e-06	0.000000e+00	0.000000e+00	4.491302e-07
1.996644999985892e-06	0.000000e+00	0.000000e+00	4.491302e-07
1.999990000000000e-06	0.000000e+00	0.000000e+00	4.491302e-07
2.000000000000000e-06	0.000000e+00	0.000000e+00	4.491302e-07
