time	V(n002)	V(n003)
0.000000000000000e+00	1.388938e+01	-7.500000e+00
9.918212830347349e-12	1.389006e+01	-7.351227e+00
1.022338860974265e-11	1.389008e+01	-7.346649e+00
1.083374016853326e-11	1.389012e+01	-7.337494e+00
1.205444328611447e-11	1.389019e+01	-7.319183e+00
1.449584952127689e-11	1.389033e+01	-7.282562e+00
4.450763563847474e-11	1.389200e+01	-6.832385e+00
7.451942175567258e-11	1.389369e+01	-6.382209e+00
1.045312078728704e-10	1.389539e+01	-5.932032e+00
1.345429939900683e-10	1.389712e+01	-5.481855e+00
1.645547801072661e-10	1.389886e+01	-5.031678e+00
1.945665662244640e-10	1.390061e+01	-4.581502e+00
2.245783523416617e-10	1.390239e+01	-4.131325e+00
1.000000000000000e-09	1.395677e+01	7.500000e+00
1.003477254277090e-09	1.395665e+01	7.500000e+00
1.003585918473249e-09	1.395664e+01	7.500000e+00
1.003803246865567e-09	1.395664e+01	7.500000e+00
1.003857578963647e-09	1.395663e+01	7.500000e+00
1.003871161988167e-09	1.395663e+01	7.500000e+00
1.003898328037206e-09	1.395663e+01	7.500000e+00
1.003952660135286e-09	1.395663e+01	7.500000e+00
1.538228201141498e-09	1.395422e+01	7.500000e+00
2.072503742147711e-09	1.395131e+01	7.500000e+00
2.606779283153922e-09	1.394791e+01	7.500000e+00
3.141054824160135e-09	1.394400e+01	7.500000e+00
3.675330365166347e-09	1.393960e+01	7.500000e+00
4.209605906172559e-09	1.393469e+01	7.500000e+00
4.743881447178770e-09	1.392929e+01	7.500000e+00
2.909377503827734e-08	1.360563e+01	7.500000e+00
5.692222485667569e-08	1.331546e+01	7.500000e+00
8.789953070378705e-08	1.309201e+01	7.500000e+00
1.169141512975853e-07	1.295885e+01	7.500000e+00
1.478797533391229e-07	1.286838e+01	7.500000e+00
2.095868860720062e-07	1.277057e+01	7.500000e+00
2.878934335297685e-07	1.272495e+01	7.500000e+00
3.661999809875308e-07	1.268395e+01	7.500000e+00
4.445065284452932e-07	1.264758e+01	7.500000e+00
5.228130759030555e-07	1.261584e+01	7.500000e+00
6.011196233608178e-07	1.258872e+01	7.500000e+00
6.794261708185802e-07	1.256623e+01	7.500000e+00
7.577327182763423e-07	1.254836e+01	7.500000e+00
2.786257915125962e-06	1.189245e+01	7.500000e+00
4.814783111975582e-06	1.123752e+01	7.500000e+00
6.843308308825201e-06	1.058358e+01	7.500000e+00
8.871833505674820e-06	9.930622e+00	7.500000e+00
1.090035870252444e-05	9.278649e+00	7.500000e+00
1.292888389937406e-05	8.627661e+00	7.500000e+00
1.495740909622367e-05	7.977658e+00	7.500000e+00
1.788709659622368e-05	7.041013e+00	7.500000e+00
1.984022159622368e-05	6.415441e+00	7.500000e+00
2.179334659622368e-05	5.788995e+00	7.500000e+00
2.374647159622368e-05	5.161675e+00	7.500000e+00
2.569959659622369e-05	4.533481e+00	7.500000e+00
2.765272159622369e-05	3.904413e+00	7.500000e+00
2.960584659622369e-05	3.274471e+00	7.500000e+00
3.155897159622369e-05	2.643656e+00	7.500000e+00
3.518620373908083e-05	1.471815e+00	7.500000e+00
3.881343588193798e-05	2.996342e-01	7.500000e+00
4.244066802479513e-05	-8.728854e-01	7.500000e+00
4.606790016765228e-05	-2.045744e+00	7.500000e+00
4.969513231050942e-05	-3.218942e+00	7.500000e+00
5.332236445336658e-05	-4.392479e+00	7.500000e+00
5.694959659622371e-05	-5.566356e+00	7.500000e+00
8.136365909622372e-05	-1.346570e+01	7.500000e+00
8.234022159622373e-05	-1.373048e+01	7.500000e+00
8.331678409622373e-05	-1.386381e+01	7.500000e+00
8.429334659622373e-05	-1.388901e+01	7.500000e+00
1.000010000000000e-04	-1.388938e+01	7.500000e+00
1.000020000000000e-04	-1.395736e+01	-7.500000e+00
1.000021438488995e-04	-1.394773e+01	-7.500000e+00
1.000022876977989e-04	-1.392412e+01	-7.500000e+00
1.000024315466984e-04	-1.388652e+01	-7.500000e+00
1.000025753955978e-04	-1.383495e+01	-7.500000e+00
1.000027192444973e-04	-1.376940e+01	-7.500000e+00
1.000028630933968e-04	-1.368986e+01	-7.500000e+00
1.000030069422963e-04	-1.359634e+01	-7.500000e+00
1.000040069422963e-04	-1.328769e+01	-7.500000e+00
1.000050069422963e-04	-1.308360e+01	-7.500000e+00
1.000061322824344e-04	-1.299433e+01	-7.500000e+00
1.000061555722556e-04	-1.299612e+01	-7.500000e+00
1.000070006600529e-04	-1.312854e+01	-7.500000e+00
1.000078457478501e-04	-1.324562e+01	-7.500000e+00
1.000086908356474e-04	-1.334735e+01	-7.500000e+00
1.000095359234447e-04	-1.343374e+01	-7.500000e+00
1.000103810112420e-04	-1.350479e+01	-7.500000e+00
1.000112260990393e-04	-1.356049e+01	-7.500000e+00
1.000120711868366e-04	-1.360085e+01	-7.500000e+00
1.000180333810600e-04	-1.381733e+01	-7.500000e+00
1.000262222644602e-04	-1.392144e+01	-7.500000e+00
1.000521233433359e-04	-1.394690e+01	-7.500000e+00
1.001340488473270e-04	-1.392316e+01	-7.500000e+00
1.002238837259688e-04	-1.389357e+01	-7.500000e+00
1.004711958446085e-04	-1.381255e+01	-7.500000e+00
1.028455315761478e-04	-1.304390e+01	-7.500000e+00
1.052198673076870e-04	-1.227630e+01	-7.500000e+00
1.075942030392263e-04	-1.150974e+01	-7.500000e+00
1.099685387707655e-04	-1.074423e+01	-7.500000e+00
1.123428745023048e-04	-9.979761e+00	-7.500000e+00
1.147172102338440e-04	-9.216339e+00	-7.500000e+00
1.170915459653833e-04	-8.453962e+00	-7.500000e+00
1.200212334653833e-04	-7.516744e+00	-7.500000e+00
1.229509209653833e-04	-6.579733e+00	-7.500000e+00
1.254620816796690e-04	-5.773652e+00	-7.500000e+00
1.279732423939547e-04	-4.966571e+00	-7.500000e+00
1.304844031082404e-04	-4.158492e+00	-7.500000e+00
1.329955638225261e-04	-3.349415e+00	-7.500000e+00
1.355067245368118e-04	-2.539339e+00	-7.500000e+00
1.380178852510976e-04	-1.728265e+00	-7.500000e+00
1.405290459653833e-04	-9.161927e-01	-7.500000e+00
1.429006977510975e-04	-1.495347e-01	-7.500000e+00
1.452723495368118e-04	6.172428e-01	-7.500000e+00
1.476440013225261e-04	1.384140e+00	-7.500000e+00
1.500156531082404e-04	2.151157e+00	-7.500000e+00
1.523873048939547e-04	2.918293e+00	-7.500000e+00
1.547589566796690e-04	3.685549e+00	-7.500000e+00
1.571306084653833e-04	4.452925e+00	-7.500000e+00
1.854509209653833e-04	1.360016e+01	-7.500000e+00
1.864274834653833e-04	1.381196e+01	-7.500000e+00
1.874040459653833e-04	1.388592e+01	-7.500000e+00
2.000000000000000e-04	1.388938e+01	-7.500000e+00
2.000000044515625e-04	1.388975e+01	-7.433227e+00
2.000000046578125e-04	1.388976e+01	-7.430133e+00
2.000000049328125e-04	1.388978e+01	-7.426008e+00
2.000000054828125e-04	1.388982e+01	-7.417758e+00
2.000000065828125e-04	1.388989e+01	-7.401258e+00
2.000000087828125e-04	1.389001e+01	-7.368258e+00
2.000000131828126e-04	1.389026e+01	-7.302258e+00
2.000010000000000e-04	1.395677e+01	7.500000e+00
2.000010021328243e-04	1.395667e+01	7.500000e+00
2.000010026660303e-04	1.395665e+01	7.500000e+00
2.000010027993319e-04	1.395664e+01	7.500000e+00
2.000010028326573e-04	1.395664e+01	7.500000e+00
2.000010028993080e-04	1.395664e+01	7.500000e+00
2.000010029159707e-04	1.395664e+01	7.500000e+00
2.000010029492961e-04	1.395664e+01	7.500000e+00
2.000010029576274e-04	1.395664e+01	7.500000e+00
2.000010029742901e-04	1.395664e+01	7.500000e+00
2.000010030076155e-04	1.395664e+01	7.500000e+00
2.000010030742663e-04	1.395664e+01	7.500000e+00
2.000015373493083e-04	1.395423e+01	7.500000e+00
2.000020716243502e-04	1.395132e+01	7.500000e+00
2.000026058993922e-04	1.394791e+01	7.500000e+00
2.000031401744342e-04	1.394401e+01	7.500000e+00
2.000036744494762e-04	1.393960e+01	7.500000e+00
2.000042087245182e-04	1.393470e+01	7.500000e+00
2.000047429995601e-04	1.392930e+01	7.500000e+00
2.000290928547054e-04	1.360559e+01	7.500000e+00
2.000569212605857e-04	1.331536e+01	7.500000e+00
2.000878984795569e-04	1.309187e+01	7.500000e+00
2.001169129620967e-04	1.295869e+01	7.500000e+00
2.001478784570057e-04	1.286821e+01	7.500000e+00
2.002095850403993e-04	1.277039e+01	7.500000e+00
2.002878842746260e-04	1.272477e+01	7.500000e+00
2.003661835088528e-04	1.268377e+01	7.500000e+00
2.004444827430796e-04	1.264740e+01	7.500000e+00
2.005227819773064e-04	1.261566e+01	7.500000e+00
2.006010812115332e-04	1.258854e+01	7.500000e+00
2.006793804457599e-04	1.256605e+01	7.500000e+00
2.007576796799867e-04	1.254819e+01	7.500000e+00
2.027861406478340e-04	1.189230e+01	7.500000e+00
2.048146016156813e-04	1.123739e+01	7.500000e+00
2.068430625835285e-04	1.058347e+01	7.500000e+00
2.088715235513758e-04	9.930529e+00	7.500000e+00
2.108999845192231e-04	9.278576e+00	7.500000e+00
2.129284454870704e-04	8.627609e+00	7.500000e+00
2.149569064549176e-04	7.977627e+00	7.500000e+00
2.178865939549176e-04	7.040983e+00	7.500000e+00
2.198397189549176e-04	6.415410e+00	7.500000e+00
2.217928439549176e-04	5.788964e+00	7.500000e+00
2.237459689549177e-04	5.161644e+00	7.500000e+00
2.256990939549177e-04	4.533450e+00	7.500000e+00
2.276522189549177e-04	3.904382e+00	7.500000e+00
2.296053439549177e-04	3.274441e+00	7.500000e+00
2.315584689549177e-04	2.643625e+00	7.500000e+00
2.351857010977748e-04	1.471784e+00	7.500000e+00
2.388129332406319e-04	2.996033e-01	7.500000e+00
2.424401653834891e-04	-8.729164e-01	7.500000e+00
2.460673975263462e-04	-2.045775e+00	7.500000e+00
2.496946296692033e-04	-3.218973e+00	7.500000e+00
2.533218618120605e-04	-4.392510e+00	7.500000e+00
2.569490939549177e-04	-5.566387e+00	7.500000e+00
2.813631564549177e-04	-1.346573e+01	7.500000e+00
2.823397189549177e-04	-1.373050e+01	7.500000e+00
2.833162814549177e-04	-1.386382e+01	7.500000e+00
2.842928439549177e-04	-1.388901e+01	7.500000e+00
3.000009999999999e-04	-1.388938e+01	7.500000e+00
3.000020000000000e-04	-1.395736e+01	-7.500000e+00
3.000021438486999e-04	-1.394772e+01	-7.500000e+00
3.000022876973998e-04	-1.392411e+01	-7.500000e+00
3.000024315460997e-04	-1.388652e+01	-7.500000e+00
3.000025753947996e-04	-1.383494e+01	-7.500000e+00
3.000027192434996e-04	-1.376939e+01	-7.500000e+00
3.000028630921994e-04	-1.368986e+01	-7.500000e+00
3.000030069408994e-04	-1.359634e+01	-7.500000e+00
3.000040069408994e-04	-1.328769e+01	-7.500000e+00
3.000050069408994e-04	-1.308360e+01	-7.500000e+00
3.000061322806859e-04	-1.299433e+01	-7.500000e+00
3.000061555704958e-04	-1.299612e+01	-7.500000e+00
3.000070006578812e-04	-1.312854e+01	-7.500000e+00
3.000078457452666e-04	-1.324562e+01	-7.500000e+00
3.000086908326520e-04	-1.334735e+01	-7.500000e+00
3.000095359200374e-04	-1.343374e+01	-7.500000e+00
3.000103810074228e-04	-1.350479e+01	-7.500000e+00
3.000112260948082e-04	-1.356049e+01	-7.500000e+00
3.000120711821936e-04	-1.360085e+01	-7.500000e+00
3.000180333735111e-04	-1.381733e+01	-7.500000e+00
3.000262222569032e-04	-1.392144e+01	-7.500000e+00
3.000521233287992e-04	-1.394690e+01	-7.500000e+00
3.001340488245747e-04	-1.392316e+01	-7.500000e+00
3.002238836931173e-04	-1.389357e+01	-7.500000e+00
3.004711957653025e-04	-1.381255e+01	-7.500000e+00
3.028455314431611e-04	-1.304390e+01	-7.500000e+00
3.052198671210198e-04	-1.227630e+01	-7.500000e+00
3.075942027988784e-04	-1.150974e+01	-7.500000e+00
3.099685384767371e-04	-1.074423e+01	-7.500000e+00
3.123428741545958e-04	-9.979761e+00	-7.500000e+00
3.147172098324544e-04	-9.216339e+00	-7.500000e+00
3.170915455103131e-04	-8.453962e+00	-7.500000e+00
3.200212330103131e-04	-7.516744e+00	-7.500000e+00
3.229509205103131e-04	-6.579733e+00	-7.500000e+00
3.254620812245988e-04	-5.773652e+00	-7.500000e+00
3.279732419388845e-04	-4.966571e+00	-7.500000e+00
3.304844026531702e-04	-4.158493e+00	-7.500000e+00
3.329955633674559e-04	-3.349415e+00	-7.500000e+00
3.355067240817417e-04	-2.539340e+00	-7.500000e+00
3.380178847960274e-04	-1.728265e+00	-7.500000e+00
3.405290455103131e-04	-9.161928e-01	-7.500000e+00
3.429006972960274e-04	-1.495348e-01	-7.500000e+00
3.452723490817416e-04	6.172427e-01	-7.500000e+00
3.476440008674559e-04	1.384140e+00	-7.500000e+00
3.500156526531702e-04	2.151157e+00	-7.500000e+00
3.523873044388845e-04	2.918293e+00	-7.500000e+00
3.547589562245988e-04	3.685549e+00	-7.500000e+00
3.571306080103131e-04	4.452925e+00	-7.500000e+00
3.854509205103131e-04	1.360016e+01	-7.500000e+00
3.864274830103131e-04	1.381196e+01	-7.500000e+00
3.874040455103131e-04	1.388592e+01	-7.500000e+00
4.000000000000000e-04	1.388938e+01	-7.500000e+00
4.000000044515625e-04	1.388975e+01	-7.433227e+00
4.000000046578125e-04	1.388976e+01	-7.430133e+00
4.000000049328125e-04	1.388978e+01	-7.426008e+00
4.000000054828125e-04	1.388982e+01	-7.417758e+00
4.000000065828125e-04	1.388989e+01	-7.401258e+00
4.000000087828125e-04	1.389001e+01	-7.368258e+00
4.000000131828125e-04	1.389026e+01	-7.302258e+00
4.000010000000000e-04	1.395677e+01	7.500000e+00
4.000010021328700e-04	1.395667e+01	7.500000e+00
4.000010026660875e-04	1.395665e+01	7.500000e+00
4.000010027993919e-04	1.395664e+01	7.500000e+00
4.000010028327180e-04	1.395664e+01	7.500000e+00
4.000010028993702e-04	1.395664e+01	7.500000e+00
4.000010029160332e-04	1.395664e+01	7.500000e+00
4.000010029493593e-04	1.395664e+01	7.500000e+00
4.000010029576908e-04	1.395664e+01	7.500000e+00
4.000010029743539e-04	1.395664e+01	7.500000e+00
4.000010030076800e-04	1.395664e+01	7.500000e+00
4.000010030743322e-04	1.395664e+01	7.500000e+00
4.000010037237478e-04	1.395663e+01	7.500000e+00
4.000020348418308e-04	1.395116e+01	7.500000e+00
4.000030659599137e-04	1.394422e+01	7.500000e+00
4.000040970779967e-04	1.393581e+01	7.500000e+00
4.000051281960797e-04	1.392592e+01	7.500000e+00
4.000061593141626e-04	1.391456e+01	7.500000e+00
4.000071904322456e-04	1.390172e+01	7.500000e+00
4.000082215503285e-04	1.388741e+01	7.500000e+00
4.000290928547401e-04	1.360559e+01	7.500000e+00
4.000569212606221e-04	1.331536e+01	7.500000e+00
4.000878984795967e-04	1.309187e+01	7.500000e+00
4.001169129621420e-04	1.295869e+01	7.500000e+00
4.001478784570553e-04	1.286821e+01	7.500000e+00
4.002095850404707e-04	1.277039e+01	7.500000e+00
4.002878842749886e-04	1.272477e+01	7.500000e+00
4.003661835095063e-04	1.268377e+01	7.500000e+00
4.004444827440242e-04	1.264740e+01	7.500000e+00
4.005227819785420e-04	1.261566e+01	7.500000e+00
4.006010812130599e-04	1.258854e+01	7.500000e+00
4.006793804475777e-04	1.256605e+01	7.500000e+00
4.007576796820955e-04	1.254819e+01	7.500000e+00
4.027861406524991e-04	1.189230e+01	7.500000e+00
4.048146016229027e-04	1.123739e+01	7.500000e+00
4.068430625933063e-04	1.058347e+01	7.500000e+00
4.088715235637099e-04	9.930529e+00	7.500000e+00
4.108999845341135e-04	9.278576e+00	7.500000e+00
4.129284455045171e-04	8.627609e+00	7.500000e+00
4.149569064749207e-04	7.977627e+00	7.500000e+00
4.178865939749208e-04	7.040983e+00	7.500000e+00
4.198397189749208e-04	6.415410e+00	7.500000e+00
4.217928439749208e-04	5.788964e+00	7.500000e+00
4.237459689749208e-04	5.161644e+00	7.500000e+00
4.256990939749208e-04	4.533450e+00	7.500000e+00
4.276522189749208e-04	3.904382e+00	7.500000e+00
4.296053439749208e-04	3.274441e+00	7.500000e+00
4.315584689749208e-04	2.643625e+00	7.500000e+00
4.351857011177779e-04	1.471784e+00	7.500000e+00
4.388129332606351e-04	2.996033e-01	7.500000e+00
4.424401654034922e-04	-8.729164e-01	7.500000e+00
4.460673975463494e-04	-2.045775e+00	7.500000e+00
4.496946296892065e-04	-3.218973e+00	7.500000e+00
4.533218618320636e-04	-4.392510e+00	7.500000e+00
4.569490939749208e-04	-5.566387e+00	7.500000e+00
4.813631564749208e-04	-1.346573e+01	7.500000e+00
4.823397189749208e-04	-1.373050e+01	7.500000e+00
4.833162814749208e-04	-1.386382e+01	7.500000e+00
4.842928439749208e-04	-1.388901e+01	7.500000e+00
5.000009999999999e-04	-1.388938e+01	7.500000e+00
5.000020000000000e-04	-1.395736e+01	-7.500000e+00
5.000021438486798e-04	-1.394773e+01	-7.500000e+00
5.000022876973595e-04	-1.392412e+01	-7.500000e+00
5.000024315460392e-04	-1.388652e+01	-7.500000e+00
5.000025753947189e-04	-1.383495e+01	-7.500000e+00
5.000027192433986e-04	-1.376940e+01	-7.500000e+00
5.000028630920783e-04	-1.368986e+01	-7.500000e+00
5.000030069407580e-04	-1.359634e+01	-7.500000e+00
5.000040069407580e-04	-1.328769e+01	-7.500000e+00
5.000050069407581e-04	-1.308360e+01	-7.500000e+00
5.000061322808844e-04	-1.299433e+01	-7.500000e+00
5.000061555707052e-04	-1.299612e+01	-7.500000e+00
5.000070006584879e-04	-1.312854e+01	-7.500000e+00
5.000078457462706e-04	-1.324562e+01	-7.500000e+00
5.000086908340533e-04	-1.334735e+01	-7.500000e+00
5.000095359218359e-04	-1.343374e+01	-7.500000e+00
5.000103810096187e-04	-1.350479e+01	-7.500000e+00
5.000112260974013e-04	-1.356049e+01	-7.500000e+00
5.000120711851840e-04	-1.360085e+01	-7.500000e+00
5.000180333793045e-04	-1.381733e+01	-7.500000e+00
5.000262222627877e-04	-1.392144e+01	-7.500000e+00
5.000521233413166e-04	-1.394690e+01	-7.500000e+00
5.001340488452919e-04	-1.392316e+01	-7.500000e+00
5.002238837239195e-04	-1.389357e+01	-7.500000e+00
5.004711958425628e-04	-1.381255e+01	-7.500000e+00
5.028455315740967e-04	-1.304390e+01	-7.500000e+00
5.052198673056305e-04	-1.227630e+01	-7.500000e+00
5.075942030371644e-04	-1.150974e+01	-7.500000e+00
5.099685387686982e-04	-1.074423e+01	-7.500000e+00
5.123428745002322e-04	-9.979761e+00	-7.500000e+00
5.147172102317660e-04	-9.216339e+00	-7.500000e+00
5.170915459632999e-04	-8.453962e+00	-7.500000e+00
5.200212334632999e-04	-7.516744e+00	-7.500000e+00
5.229509209632999e-04	-6.579733e+00	-7.500000e+00
5.254620816775856e-04	-5.773652e+00	-7.500000e+00
5.279732423918713e-04	-4.966571e+00	-7.500000e+00
5.304844031061570e-04	-4.158492e+00	-7.500000e+00
5.329955638204428e-04	-3.349415e+00	-7.500000e+00
5.355067245347285e-04	-2.539339e+00	-7.500000e+00
5.380178852490142e-04	-1.728265e+00	-7.500000e+00
5.405290459632999e-04	-9.161927e-01	-7.500000e+00
5.429006977490142e-04	-1.495347e-01	-7.500000e+00
5.452723495347285e-04	6.172428e-01	-7.500000e+00
5.476440013204428e-04	1.384140e+00	-7.500000e+00
5.500156531061570e-04	2.151157e+00	-7.500000e+00
5.523873048918713e-04	2.918293e+00	-7.500000e+00
5.547589566775856e-04	3.685549e+00	-7.500000e+00
5.571306084632999e-04	4.452925e+00	-7.500000e+00
5.854509209632999e-04	1.360016e+01	-7.500000e+00
5.864274834632999e-04	1.381196e+01	-7.500000e+00
5.874040459632999e-04	1.388592e+01	-7.500000e+00
5.999999999999999e-04	1.388938e+01	-7.500000e+00
6.000000044515624e-04	1.388975e+01	-7.433227e+00
6.000000046578125e-04	1.388976e+01	-7.430133e+00
6.000000049328125e-04	1.388978e+01	-7.426008e+00
6.000000054828125e-04	1.388982e+01	-7.417758e+00
6.000000065828125e-04	1.388989e+01	-7.401258e+00
6.000000087828124e-04	1.389001e+01	-7.368258e+00
6.000000131828124e-04	1.389026e+01	-7.302258e+00
6.000010000000000e-04	1.395677e+01	7.500000e+00
6.000010021327371e-04	1.395667e+01	7.500000e+00
6.000010026659214e-04	1.395665e+01	7.500000e+00
6.000010027992174e-04	1.395664e+01	7.500000e+00
6.000010028325415e-04	1.395664e+01	7.500000e+00
6.000010028991895e-04	1.395664e+01	7.500000e+00
6.000010029158516e-04	1.395664e+01	7.500000e+00
6.000010029491756e-04	1.395664e+01	7.500000e+00
6.000010029575066e-04	1.395664e+01	7.500000e+00
6.000010029741686e-04	1.395664e+01	7.500000e+00
6.000010030074927e-04	1.395664e+01	7.500000e+00
6.000010030741407e-04	1.395664e+01	7.500000e+00
6.000015373491908e-04	1.395423e+01	7.500000e+00
6.000020716242409e-04	1.395132e+01	7.500000e+00
6.000026058992910e-04	1.394791e+01	7.500000e+00
6.000031401743411e-04	1.394401e+01	7.500000e+00
6.000036744493912e-04	1.393960e+01	7.500000e+00
6.000042087244413e-04	1.393470e+01	7.500000e+00
6.000047429994914e-04	1.392930e+01	7.500000e+00
6.000290928546337e-04	1.360559e+01	7.500000e+00
6.000569212605107e-04	1.331536e+01	7.500000e+00
6.000878984794753e-04	1.309187e+01	7.500000e+00
6.001169129620046e-04	1.295869e+01	7.500000e+00
6.001478784569055e-04	1.286821e+01	7.500000e+00
6.002095850402573e-04	1.277039e+01	7.500000e+00
6.002878842739288e-04	1.272477e+01	7.500000e+00
6.003661835076004e-04	1.268377e+01	7.500000e+00
6.004444827412719e-04	1.264740e+01	7.500000e+00
6.005227819749435e-04	1.261566e+01	7.500000e+00
6.006010812086150e-04	1.258854e+01	7.500000e+00
6.006793804422865e-04	1.256605e+01	7.500000e+00
6.007576796759580e-04	1.254819e+01	7.500000e+00
6.027861406389279e-04	1.189230e+01	7.500000e+00
6.048146016018978e-04	1.123739e+01	7.500000e+00
6.068430625648677e-04	1.058347e+01	7.500000e+00
6.088715235278375e-04	9.930529e+00	7.500000e+00
6.108999844908074e-04	9.278576e+00	7.500000e+00
6.129284454537773e-04	8.627609e+00	7.500000e+00
6.149569064167472e-04	7.977627e+00	7.500000e+00
6.178865939167472e-04	7.040983e+00	7.500000e+00
6.198397189167472e-04	6.415410e+00	7.500000e+00
6.217928439167472e-04	5.788964e+00	7.500000e+00
6.237459689167472e-04	5.161644e+00	7.500000e+00
6.256990939167472e-04	4.533450e+00	7.500000e+00
6.276522189167472e-04	3.904382e+00	7.500000e+00
6.296053439167472e-04	3.274441e+00	7.500000e+00
6.315584689167472e-04	2.643625e+00	7.500000e+00
6.351857010596043e-04	1.471784e+00	7.500000e+00
6.388129332024615e-04	2.996033e-01	7.500000e+00
6.424401653453186e-04	-8.729164e-01	7.500000e+00
6.460673974881758e-04	-2.045775e+00	7.500000e+00
6.496946296310329e-04	-3.218973e+00	7.500000e+00
6.533218617738901e-04	-4.392510e+00	7.500000e+00
6.569490939167472e-04	-5.566387e+00	7.500000e+00
6.813631564167472e-04	-1.346573e+01	7.500000e+00
6.823397189167472e-04	-1.373050e+01	7.500000e+00
6.833162814167472e-04	-1.386382e+01	7.500000e+00
6.842928439167472e-04	-1.388901e+01	7.500000e+00
7.000010000000000e-04	-1.388938e+01	7.500000e+00
7.000019999999999e-04	-1.395736e+01	-7.500000e+00
7.000021438487379e-04	-1.394773e+01	-7.500000e+00
7.000022876974758e-04	-1.392412e+01	-7.500000e+00
7.000024315462137e-04	-1.388652e+01	-7.500000e+00
7.000025753949518e-04	-1.383495e+01	-7.500000e+00
7.000027192436897e-04	-1.376939e+01	-7.500000e+00
7.000028630924276e-04	-1.368986e+01	-7.500000e+00
7.000030069411656e-04	-1.359634e+01	-7.500000e+00
7.000040069411656e-04	-1.328769e+01	-7.500000e+00
7.000050069411656e-04	-1.308360e+01	-7.500000e+00
7.000061322805999e-04	-1.299433e+01	-7.500000e+00
7.000061555703982e-04	-1.299612e+01	-7.500000e+00
7.000070006573685e-04	-1.312854e+01	-7.500000e+00
7.000078457443386e-04	-1.324562e+01	-7.500000e+00
7.000086908313088e-04	-1.334735e+01	-7.500000e+00
7.000095359182790e-04	-1.343374e+01	-7.500000e+00
7.000103810052492e-04	-1.350479e+01	-7.500000e+00
7.000112260922193e-04	-1.356049e+01	-7.500000e+00
7.000120711791896e-04	-1.360085e+01	-7.500000e+00
7.000180333675777e-04	-1.381733e+01	-7.500000e+00
7.000262222509459e-04	-1.392144e+01	-7.500000e+00
7.000521233157433e-04	-1.394690e+01	-7.500000e+00
7.001340488028277e-04	-1.392316e+01	-7.500000e+00
7.002238836606824e-04	-1.389357e+01	-7.500000e+00
7.004711956836218e-04	-1.381255e+01	-7.500000e+00
7.028455313045841e-04	-1.304390e+01	-7.500000e+00
7.052198669255464e-04	-1.227630e+01	-7.500000e+00
7.075942025465087e-04	-1.150974e+01	-7.500000e+00
7.099685381674711e-04	-1.074423e+01	-7.500000e+00
7.123428737884335e-04	-9.979761e+00	-7.500000e+00
7.147172094093958e-04	-9.216339e+00	-7.500000e+00
7.170915450303581e-04	-8.453963e+00	-7.500000e+00
7.200212325303581e-04	-7.516744e+00	-7.500000e+00
7.229509200303581e-04	-6.579734e+00	-7.500000e+00
7.254620807446438e-04	-5.773652e+00	-7.500000e+00
7.279732414589295e-04	-4.966572e+00	-7.500000e+00
7.304844021732152e-04	-4.158493e+00	-7.500000e+00
7.329955628875010e-04	-3.349415e+00	-7.500000e+00
7.355067236017867e-04	-2.539340e+00	-7.500000e+00
7.380178843160724e-04	-1.728266e+00	-7.500000e+00
7.405290450303581e-04	-9.161929e-01	-7.500000e+00
7.429006968160724e-04	-1.495350e-01	-7.500000e+00
7.452723486017867e-04	6.172426e-01	-7.500000e+00
7.476440003875010e-04	1.384140e+00	-7.500000e+00
7.500156521732152e-04	2.151157e+00	-7.500000e+00
7.523873039589295e-04	2.918293e+00	-7.500000e+00
7.547589557446438e-04	3.685549e+00	-7.500000e+00
7.571306075303581e-04	4.452924e+00	-7.500000e+00
7.854509200303581e-04	1.360016e+01	-7.500000e+00
7.864274825303581e-04	1.381196e+01	-7.500000e+00
7.874040450303581e-04	1.388592e+01	-7.500000e+00
7.999999999999999e-04	1.388938e+01	-7.500000e+00
8.000000044515624e-04	1.388975e+01	-7.433227e+00
8.000000046578125e-04	1.388976e+01	-7.430133e+00
8.000000049328124e-04	1.388978e+01	-7.426008e+00
8.000000054828125e-04	1.388982e+01	-7.417758e+00
8.000000065828125e-04	1.388989e+01	-7.401258e+00
8.000000087828124e-04	1.389001e+01	-7.368258e+00
8.000000131828124e-04	1.389026e+01	-7.302258e+00
8.000009999999999e-04	1.395677e+01	7.500000e+00
8.000010021327369e-04	1.395667e+01	7.500000e+00
8.000010026659210e-04	1.395665e+01	7.500000e+00
8.000010027992171e-04	1.395664e+01	7.500000e+00
8.000010028325411e-04	1.395664e+01	7.500000e+00
8.000010028991892e-04	1.395664e+01	7.500000e+00
8.000010029158512e-04	1.395664e+01	7.500000e+00
8.000010029491752e-04	1.395664e+01	7.500000e+00
8.000010029575063e-04	1.395664e+01	7.500000e+00
8.000010029741683e-04	1.395664e+01	7.500000e+00
8.000010030074923e-04	1.395664e+01	7.500000e+00
8.000010030741404e-04	1.395664e+01	7.500000e+00
8.000010037225429e-04	1.395663e+01	7.500000e+00
8.000010039666836e-04	1.395663e+01	7.500000e+00
8.000010040074498e-04	1.395663e+01	7.500000e+00
8.000010040482159e-04	1.395663e+01	7.500000e+00
8.000010040889821e-04	1.395663e+01	7.500000e+00
8.000010041297482e-04	1.395663e+01	7.500000e+00
8.000010041705145e-04	1.395663e+01	7.500000e+00
8.000010042112806e-04	1.395663e+01	7.500000e+00
8.000010042520468e-04	1.395663e+01	7.500000e+00
8.000011471153204e-04	1.395653e+01	7.500000e+00
8.000012899785940e-04	1.395622e+01	7.500000e+00
8.000014328418677e-04	1.395572e+01	7.500000e+00
8.000015757051412e-04	1.395501e+01	7.500000e+00
8.000017185684148e-04	1.395409e+01	7.500000e+00
8.000018614316884e-04	1.395298e+01	7.500000e+00
8.000020042949620e-04	1.395166e+01	7.500000e+00
8.000030042949620e-04	1.394509e+01	7.500000e+00
8.000192770455192e-04	1.372723e+01	7.500000e+00
8.000355497960764e-04	1.353502e+01	7.500000e+00
8.000518225466336e-04	1.336846e+01	7.500000e+00
8.000680952971910e-04	1.322754e+01	7.500000e+00
8.000843680477482e-04	1.311228e+01	7.500000e+00
8.001006407983054e-04	1.302266e+01	7.500000e+00
8.001169135488626e-04	1.295869e+01	7.500000e+00
8.001478790492987e-04	1.286821e+01	7.500000e+00
8.002095856610335e-04	1.277039e+01	7.500000e+00
8.002878852725538e-04	1.272476e+01	7.500000e+00
8.003661848840743e-04	1.268377e+01	7.500000e+00
8.004444844955946e-04	1.264740e+01	7.500000e+00
8.005227841071149e-04	1.261566e+01	7.500000e+00
8.006010837186352e-04	1.258854e+01	7.500000e+00
8.006793833301556e-04	1.256605e+01	7.500000e+00
8.007576829416759e-04	1.254819e+01	7.500000e+00
8.027861472227335e-04	1.189229e+01	7.500000e+00
8.048146115037910e-04	1.123739e+01	7.500000e+00
8.068430757848486e-04	1.058346e+01	7.500000e+00
8.088715400659062e-04	9.930524e+00	7.500000e+00
8.109000043469638e-04	9.278571e+00	7.500000e+00
8.129284686280214e-04	8.627603e+00	7.500000e+00
8.149569329090789e-04	7.977619e+00	7.500000e+00
8.178866204090789e-04	7.040974e+00	7.500000e+00
8.198397454090789e-04	6.415402e+00	7.500000e+00
8.217928704090789e-04	5.788956e+00	7.500000e+00
8.237459954090789e-04	5.161636e+00	7.500000e+00
8.256991204090789e-04	4.533442e+00	7.500000e+00
8.276522454090789e-04	3.904374e+00	7.500000e+00
8.296053704090789e-04	3.274432e+00	7.500000e+00
8.315584954090789e-04	2.643617e+00	7.500000e+00
8.349067096947932e-04	1.561975e+00	7.500000e+00
8.382549239805075e-04	4.800213e-01	7.500000e+00
8.416031382662218e-04	-6.022451e-01	7.500000e+00
8.449513525519360e-04	-1.684824e+00	7.500000e+00
8.482995668376503e-04	-2.767716e+00	7.500000e+00
8.516477811233646e-04	-3.850920e+00	7.500000e+00
8.549959954090789e-04	-4.934436e+00	7.500000e+00
8.559725579090789e-04	-5.250413e+00	7.500000e+00
8.813631829090790e-04	-1.346574e+01	7.500000e+00
8.823397454090790e-04	-1.373051e+01	7.500000e+00
8.833163079090790e-04	-1.386382e+01	7.500000e+00
8.842928704090790e-04	-1.388901e+01	7.500000e+00
9.000009999999999e-04	-1.388938e+01	7.500000e+00
9.000020000000000e-04	-1.395736e+01	-7.500000e+00
9.000021438220928e-04	-1.394765e+01	-7.500000e+00
9.000022876441856e-04	-1.392398e+01	-7.500000e+00
9.000024314662784e-04	-1.388636e+01	-7.500000e+00
9.000025752883713e-04	-1.383479e+01	-7.500000e+00
9.000027191104641e-04	-1.376926e+01	-7.500000e+00
9.000028629325569e-04	-1.368978e+01	-7.500000e+00
9.000030067546497e-04	-1.359634e+01	-7.500000e+00
9.000040067546497e-04	-1.328769e+01	-7.500000e+00
9.000050067546497e-04	-1.308360e+01	-7.500000e+00
9.000061320929315e-04	-1.299433e+01	-7.500000e+00
9.000061553826836e-04	-1.299612e+01	-7.500000e+00
9.000070004679736e-04	-1.312854e+01	-7.500000e+00
9.000078455532636e-04	-1.324562e+01	-7.500000e+00
9.000086906385536e-04	-1.334735e+01	-7.500000e+00
9.000095357238436e-04	-1.343374e+01	-7.500000e+00
9.000103808091336e-04	-1.350479e+01	-7.500000e+00
9.000112258944235e-04	-1.356049e+01	-7.500000e+00
9.000120709797136e-04	-1.360085e+01	-7.500000e+00
9.000180331562479e-04	-1.381733e+01	-7.500000e+00
9.000262220394994e-04	-1.392144e+01	-7.500000e+00
9.000521230758149e-04	-1.394690e+01	-7.500000e+00
9.001340485168515e-04	-1.392316e+01	-7.500000e+00
9.002238833187392e-04	-1.389357e+01	-7.500000e+00
9.004711950834248e-04	-1.381255e+01	-7.500000e+00
9.028455304060691e-04	-1.304390e+01	-7.500000e+00
9.052198657287135e-04	-1.227630e+01	-7.500000e+00
9.075942010513578e-04	-1.150974e+01	-7.500000e+00
9.099685363740022e-04	-1.074423e+01	-7.500000e+00
9.123428716966465e-04	-9.979762e+00	-7.500000e+00
9.147172070192909e-04	-9.216340e+00	-7.500000e+00
9.170915423419352e-04	-8.453963e+00	-7.500000e+00
9.200212298419352e-04	-7.516745e+00	-7.500000e+00
9.229509173419352e-04	-6.579734e+00	-7.500000e+00
9.254620780562209e-04	-5.773653e+00	-7.500000e+00
9.279732387705066e-04	-4.966572e+00	-7.500000e+00
9.304843994847923e-04	-4.158494e+00	-7.500000e+00
9.329955601990781e-04	-3.349416e+00	-7.500000e+00
9.355067209133638e-04	-2.539341e+00	-7.500000e+00
9.380178816276495e-04	-1.728266e+00	-7.500000e+00
9.405290423419352e-04	-9.161938e-01	-7.500000e+00
9.429006941276496e-04	-1.495358e-01	-7.500000e+00
9.452723459133639e-04	6.172417e-01	-7.500000e+00
9.476439976990782e-04	1.384139e+00	-7.500000e+00
9.500156494847924e-04	2.151156e+00	-7.500000e+00
9.523873012705067e-04	2.918292e+00	-7.500000e+00
9.547589530562210e-04	3.685548e+00	-7.500000e+00
9.571306048419353e-04	4.452924e+00	-7.500000e+00
9.854509173419343e-04	1.360016e+01	-7.500000e+00
9.864274798419342e-04	1.381196e+01	-7.500000e+00
9.874040423419341e-04	1.388592e+01	-7.500000e+00
9.999989999999999e-04	1.388938e+01	-7.500000e+00
1.000000000000000e-03	1.388938e+01	-7.500000e+00
